  longitude  | latitude  | speed 
-------------+-----------+-------
 -122.564387 | 45.558805 |     0
 -122.564387 | 45.558805 |     0
 -122.564387 | 45.558805 |     0
 -122.564387 | 45.558805 |     0
 -122.564387 | 45.558805 |     0
 -122.564387 | 45.558805 |     0
 -122.564217 | 45.558692 |     3
 -122.564217 | 45.558692 |     3
 -122.564217 | 45.558692 |     3
 -122.564217 | 45.558692 |     3
 -122.564217 | 45.558692 |     3
 -122.564217 | 45.558692 |     3
  -122.56414 | 45.558538 |     3
  -122.56414 | 45.558538 |     3
  -122.56414 | 45.558538 |     3
  -122.56414 | 45.558538 |     3
  -122.56414 | 45.558538 |     3
  -122.56414 | 45.558538 |     3
 -122.564123 |  45.55852 |     0
 -122.564123 |  45.55852 |     0
 -122.564123 |  45.55852 |     0
 -122.564123 |  45.55852 |     0
 -122.564123 |  45.55852 |     0
 -122.564123 |  45.55852 |     0
 -122.564053 | 45.558448 |     2
 -122.564053 | 45.558448 |     2
 -122.564053 | 45.558448 |     2
 -122.564053 | 45.558448 |     2
 -122.564053 | 45.558448 |     2
 -122.564053 | 45.558448 |     2
 -122.563723 |   45.5584 |     5
 -122.563723 |   45.5584 |     5
 -122.563723 |   45.5584 |     5
 -122.563723 |   45.5584 |     5
 -122.563723 |   45.5584 |     5
 -122.563723 |   45.5584 |     5
 -122.563238 | 45.558582 |     8
 -122.563238 | 45.558582 |     8
 -122.563238 | 45.558582 |     8
 -122.563238 | 45.558582 |     8
 -122.563238 | 45.558582 |     8
 -122.563238 | 45.558582 |     8
  -122.56257 |  45.55884 |    11
  -122.56257 |  45.55884 |    11
  -122.56257 |  45.55884 |    11
  -122.56257 |  45.55884 |    11
  -122.56257 |  45.55884 |    11
  -122.56257 |  45.55884 |    11
 -122.561963 | 45.559087 |    10
 -122.561963 | 45.559087 |    10
 -122.561963 | 45.559087 |    10
 -122.561963 | 45.559087 |    10
 -122.561963 | 45.559087 |    10
 -122.561963 | 45.559087 |    10
 -122.561677 |  45.55936 |     7
 -122.561677 |  45.55936 |     7
 -122.561677 |  45.55936 |     7
 -122.561677 |  45.55936 |     7
 -122.561677 |  45.55936 |     7
 -122.561677 |  45.55936 |     7
 -122.561535 | 45.559535 |     4
 -122.561535 | 45.559535 |     4
 -122.561535 | 45.559535 |     4
 -122.561535 | 45.559535 |     4
 -122.561535 | 45.559535 |     4
 -122.561535 | 45.559535 |     4
 -122.561478 | 45.559595 |     0
 -122.561478 | 45.559595 |     0
 -122.561478 | 45.559595 |     0
 -122.561478 | 45.559595 |     0
 -122.561478 | 45.559595 |     0
 -122.561478 | 45.559595 |     0
 -122.561252 | 45.559835 |     6
 -122.561252 | 45.559835 |     6
 -122.561252 | 45.559835 |     6
 -122.561252 | 45.559835 |     6
 -122.561252 | 45.559835 |     6
 -122.561252 | 45.559835 |     6
 -122.560963 | 45.560255 |    10
 -122.560963 | 45.560255 |    10
 -122.560963 | 45.560255 |    10
 -122.560963 | 45.560255 |    10
 -122.560963 | 45.560255 |    10
 -122.560963 | 45.560255 |    10
 -122.560893 | 45.560855 |    13
 -122.560893 | 45.560855 |    13
 -122.560893 | 45.560855 |    13
 -122.560893 | 45.560855 |    13
 -122.560893 | 45.560855 |    13
 -122.560893 | 45.560855 |    13
 -122.560873 | 45.561472 |    13
 -122.560873 | 45.561472 |    13
 -122.560873 | 45.561472 |    13
 -122.560873 | 45.561472 |    13
 -122.560873 | 45.561472 |    13
 -122.560873 | 45.561472 |    13
 -122.560742 | 45.562002 |    11
 -122.560742 | 45.562002 |    11
 -122.560742 | 45.562002 |    11
 -122.560742 | 45.562002 |    11
 -122.560742 | 45.562002 |    11
 -122.560742 | 45.562002 |    11
 -122.560538 | 45.562327 |     7
 -122.560538 | 45.562327 |     7
 -122.560538 | 45.562327 |     7
 -122.560538 | 45.562327 |     7
 -122.560538 | 45.562327 |     7
 -122.560538 | 45.562327 |     7
  -122.56017 | 45.562725 |    10
  -122.56017 | 45.562725 |    10
  -122.56017 | 45.562725 |    10
  -122.56017 | 45.562725 |    10
  -122.56017 | 45.562725 |    10
  -122.56017 | 45.562725 |    10
 -122.559603 | 45.563197 |    13
 -122.559603 | 45.563197 |    13
 -122.559603 | 45.563197 |    13
 -122.559603 | 45.563197 |    13
 -122.559603 | 45.563197 |    13
 -122.559603 | 45.563197 |    13
 -122.558917 | 45.563748 |    16
 -122.558917 | 45.563748 |    16
 -122.558917 | 45.563748 |    16
 -122.558917 | 45.563748 |    16
 -122.558917 | 45.563748 |    16
 -122.558917 | 45.563748 |    16
 -122.558173 | 45.564348 |    17
 -122.558173 | 45.564348 |    17
 -122.558173 | 45.564348 |    17
 -122.558173 | 45.564348 |    17
 -122.558173 | 45.564348 |    17
 -122.558173 | 45.564348 |    17
  -122.55733 | 45.564997 |    19
  -122.55733 | 45.564997 |    19
  -122.55733 | 45.564997 |    19
  -122.55733 | 45.564997 |    19
  -122.55733 | 45.564997 |    19
  -122.55733 | 45.564997 |    19
 -122.556427 | 45.565682 |    20
 -122.556427 | 45.565682 |    20
 -122.556427 | 45.565682 |    20
 -122.556427 | 45.565682 |    20
 -122.556427 | 45.565682 |    20
 -122.556427 | 45.565682 |    20
 -122.555508 | 45.566378 |    20
 -122.555508 | 45.566378 |    20
 -122.555508 | 45.566378 |    20
 -122.555508 | 45.566378 |    20
 -122.555508 | 45.566378 |    20
 -122.555508 | 45.566378 |    20
 -122.554722 | 45.566973 |    17
 -122.554722 | 45.566973 |    17
 -122.554722 | 45.566973 |    17
 -122.554722 | 45.566973 |    17
 -122.554722 | 45.566973 |    17
 -122.554722 | 45.566973 |    17
  -122.55407 | 45.567468 |    14
  -122.55407 | 45.567468 |    14
  -122.55407 | 45.567468 |    14
  -122.55407 | 45.567468 |    14
  -122.55407 | 45.567468 |    14
  -122.55407 | 45.567468 |    14
  -122.55348 | 45.567915 |    13
  -122.55348 | 45.567915 |    13
  -122.55348 | 45.567915 |    13
  -122.55348 | 45.567915 |    13
  -122.55348 | 45.567915 |    13
  -122.55348 | 45.567915 |    13
 -122.552867 | 45.568378 |    14
 -122.552867 | 45.568378 |    14
 -122.552867 | 45.568378 |    14
 -122.552867 | 45.568378 |    14
 -122.552867 | 45.568378 |    14
 -122.552867 | 45.568378 |    14
  -122.55221 | 45.568875 |    15
  -122.55221 | 45.568875 |    15
  -122.55221 | 45.568875 |    15
  -122.55221 | 45.568875 |    15
  -122.55221 | 45.568875 |    15
  -122.55221 | 45.568875 |    15
  -122.55152 | 45.569402 |    15
  -122.55152 | 45.569402 |    15
  -122.55152 | 45.569402 |    15
  -122.55152 | 45.569402 |    15
  -122.55152 | 45.569402 |    15
  -122.55152 | 45.569402 |    15
   -122.5508 | 45.569947 |    16
   -122.5508 | 45.569947 |    16
   -122.5508 | 45.569947 |    16
   -122.5508 | 45.569947 |    16
   -122.5508 | 45.569947 |    16
   -122.5508 | 45.569947 |    16
 -122.550073 | 45.570513 |    16
 -122.550073 | 45.570513 |    16
 -122.550073 | 45.570513 |    16
 -122.550073 | 45.570513 |    16
 -122.550073 | 45.570513 |    16
 -122.550073 | 45.570513 |    16
 -122.549373 | 45.571073 |    16
 -122.549373 | 45.571073 |    16
 -122.549373 | 45.571073 |    16
 -122.549373 | 45.571073 |    16
 -122.549373 | 45.571073 |    16
 -122.549373 | 45.571073 |    16
 -122.548708 | 45.571638 |    16
 -122.548708 | 45.571638 |    16
 -122.548708 | 45.571638 |    16
 -122.548708 | 45.571638 |    16
 -122.548708 | 45.571638 |    16
 -122.548708 | 45.571638 |    16
 -122.548057 | 45.572232 |    16
 -122.548057 | 45.572232 |    16
 -122.548057 | 45.572232 |    16
 -122.548057 | 45.572232 |    16
 -122.548057 | 45.572232 |    16
 -122.548057 | 45.572232 |    16
 -122.547415 |  45.57286 |    17
 -122.547415 |  45.57286 |    17
 -122.547415 |  45.57286 |    17
 -122.547415 |  45.57286 |    17
 -122.547415 |  45.57286 |    17
 -122.547415 |  45.57286 |    17
 -122.546815 | 45.573515 |    17
 -122.546815 | 45.573515 |    17
 -122.546815 | 45.573515 |    17
 -122.546815 | 45.573515 |    17
 -122.546815 | 45.573515 |    17
 -122.546815 | 45.573515 |    17
  -122.54626 | 45.574198 |    17
  -122.54626 | 45.574198 |    17
  -122.54626 | 45.574198 |    17
  -122.54626 | 45.574198 |    17
  -122.54626 | 45.574198 |    17
  -122.54626 | 45.574198 |    17
 -122.545263 |  45.57568 |    18
 -122.545263 |  45.57568 |    18
 -122.545263 |  45.57568 |    18
 -122.545263 |  45.57568 |    18
 -122.545263 |  45.57568 |    18
 -122.545263 |  45.57568 |    18
 -122.544797 | 45.576487 |    19
 -122.544797 | 45.576487 |    19
 -122.544797 | 45.576487 |    19
 -122.544797 | 45.576487 |    19
 -122.544797 | 45.576487 |    19
 -122.544797 | 45.576487 |    19
 -122.544362 | 45.577363 |    20
 -122.544362 | 45.577363 |    20
 -122.544362 | 45.577363 |    20
 -122.544362 | 45.577363 |    20
 -122.544362 | 45.577363 |    20
 -122.544362 | 45.577363 |    20
 -122.544023 | 45.578278 |    20
 -122.544023 | 45.578278 |    20
 -122.544023 | 45.578278 |    20
 -122.544023 | 45.578278 |    20
 -122.544023 | 45.578278 |    20
 -122.544023 | 45.578278 |    20
 -122.543762 | 45.579208 |    20
 -122.543762 | 45.579208 |    20
 -122.543762 | 45.579208 |    20
 -122.543762 | 45.579208 |    20
 -122.543762 | 45.579208 |    20
 -122.543762 | 45.579208 |    20
 -122.543582 | 45.580138 |    20
 -122.543582 | 45.580138 |    20
 -122.543582 | 45.580138 |    20
 -122.543582 | 45.580138 |    20
 -122.543582 | 45.580138 |    20
 -122.543582 | 45.580138 |    20
 -122.543483 | 45.581037 |    19
 -122.543483 | 45.581037 |    19
 -122.543483 | 45.581037 |    19
 -122.543483 | 45.581037 |    19
 -122.543483 | 45.581037 |    19
 -122.543483 | 45.581037 |    19
 -122.543455 | 45.581868 |    18
 -122.543455 | 45.581868 |    18
 -122.543455 | 45.581868 |    18
 -122.543455 | 45.581868 |    18
 -122.543455 | 45.581868 |    18
 -122.543455 | 45.581868 |    18
  -122.54348 | 45.582605 |    16
  -122.54348 | 45.582605 |    16
  -122.54348 | 45.582605 |    16
  -122.54348 | 45.582605 |    16
  -122.54348 | 45.582605 |    16
  -122.54348 | 45.582605 |    16
 -122.543552 |  45.58334 |    16
 -122.543552 |  45.58334 |    16
 -122.543552 |  45.58334 |    16
 -122.543552 |  45.58334 |    16
 -122.543552 |  45.58334 |    16
 -122.543552 |  45.58334 |    16
 -122.543682 | 45.584095 |    16
 -122.543682 | 45.584095 |    16
 -122.543682 | 45.584095 |    16
 -122.543682 | 45.584095 |    16
 -122.543682 | 45.584095 |    16
 -122.543682 | 45.584095 |    16
 -122.543863 | 45.584853 |    17
 -122.543863 | 45.584853 |    17
 -122.543863 | 45.584853 |    17
 -122.543863 | 45.584853 |    17
 -122.543863 | 45.584853 |    17
 -122.543863 | 45.584853 |    17
 -122.544088 | 45.585578 |    16
 -122.544088 | 45.585578 |    16
 -122.544088 | 45.585578 |    16
 -122.544088 | 45.585578 |    16
 -122.544088 | 45.585578 |    16
 -122.544088 | 45.585578 |    16
 -122.544313 | 45.586173 |    13
 -122.544313 | 45.586173 |    13
 -122.544313 | 45.586173 |    13
 -122.544313 | 45.586173 |    13
 -122.544313 | 45.586173 |    13
 -122.544313 | 45.586173 |    13
  -122.54449 |  45.58659 |     9
  -122.54449 |  45.58659 |     9
  -122.54449 |  45.58659 |     9
  -122.54449 |  45.58659 |     9
  -122.54449 |  45.58659 |     9
  -122.54449 |  45.58659 |     9
 -122.544642 |  45.58692 |     7
 -122.544642 |  45.58692 |     7
 -122.544642 |  45.58692 |     7
 -122.544642 |  45.58692 |     7
 -122.544642 |  45.58692 |     7
 -122.544642 |  45.58692 |     7
   -122.5448 | 45.587242 |     7
   -122.5448 | 45.587242 |     7
   -122.5448 | 45.587242 |     7
   -122.5448 | 45.587242 |     7
   -122.5448 | 45.587242 |     7
   -122.5448 | 45.587242 |     7
  -122.54498 | 45.587585 |     8
  -122.54498 | 45.587585 |     8
  -122.54498 | 45.587585 |     8
  -122.54498 | 45.587585 |     8
  -122.54498 | 45.587585 |     8
  -122.54498 | 45.587585 |     8
 -122.545203 | 45.587985 |     9
 -122.545203 | 45.587985 |     9
 -122.545203 | 45.587985 |     9
 -122.545203 | 45.587985 |     9
 -122.545203 | 45.587985 |     9
 -122.545203 | 45.587985 |     9
 -122.545458 | 45.588422 |    10
 -122.545458 | 45.588422 |    10
 -122.545458 | 45.588422 |    10
 -122.545458 | 45.588422 |    10
 -122.545458 | 45.588422 |    10
 -122.545458 | 45.588422 |    10
  -122.54575 | 45.588903 |    11
  -122.54575 | 45.588903 |    11
  -122.54575 | 45.588903 |    11
  -122.54575 | 45.588903 |    11
  -122.54575 | 45.588903 |    11
  -122.54575 | 45.588903 |    11
 -122.546068 | 45.589423 |    12
 -122.546068 | 45.589423 |    12
 -122.546068 | 45.589423 |    12
 -122.546068 | 45.589423 |    12
 -122.546068 | 45.589423 |    12
 -122.546068 | 45.589423 |    12
 -122.546397 | 45.589955 |    12
 -122.546397 | 45.589955 |    12
 -122.546397 | 45.589955 |    12
 -122.546397 | 45.589955 |    12
 -122.546397 | 45.589955 |    12
 -122.546397 | 45.589955 |    12
 -122.546693 | 45.590437 |    11
 -122.546693 | 45.590437 |    11
 -122.546693 | 45.590437 |    11
 -122.546693 | 45.590437 |    11
 -122.546693 | 45.590437 |    11
 -122.546693 | 45.590437 |    11
 -122.546888 | 45.590753 |     7
 -122.546888 | 45.590753 |     7
 -122.546888 | 45.590753 |     7
 -122.546888 | 45.590753 |     7
 -122.546888 | 45.590753 |     7
 -122.546888 | 45.590753 |     7
 -122.546992 | 45.590922 |     3
 -122.546992 | 45.590922 |     3
 -122.546992 | 45.590922 |     3
 -122.546992 | 45.590922 |     3
 -122.546992 | 45.590922 |     3
 -122.546992 | 45.590922 |     3
 -122.547102 | 45.591097 |     4
 -122.547102 | 45.591097 |     4
 -122.547102 | 45.591097 |     4
 -122.547102 | 45.591097 |     4
 -122.547102 | 45.591097 |     4
 -122.547102 | 45.591097 |     4
 -122.547283 | 45.591385 |     7
 -122.547283 | 45.591385 |     7
 -122.547283 | 45.591385 |     7
 -122.547283 | 45.591385 |     7
 -122.547283 | 45.591385 |     7
 -122.547283 | 45.591385 |     7
   -122.5475 | 45.591733 |     8
   -122.5475 | 45.591733 |     8
   -122.5475 | 45.591733 |     8
   -122.5475 | 45.591733 |     8
   -122.5475 | 45.591733 |     8
   -122.5475 | 45.591733 |     8
 -122.547755 | 45.592167 |    10
 -122.547755 | 45.592167 |    10
 -122.547755 | 45.592167 |    10
 -122.547755 | 45.592167 |    10
 -122.547755 | 45.592167 |    10
 -122.547755 | 45.592167 |    10
 -122.548022 | 45.592635 |    11
 -122.548022 | 45.592635 |    11
 -122.548022 | 45.592635 |    11
 -122.548022 | 45.592635 |    11
 -122.548022 | 45.592635 |    11
 -122.548022 | 45.592635 |    11
 -122.548302 | 45.593147 |    12
 -122.548302 | 45.593147 |    12
 -122.548302 | 45.593147 |    12
 -122.548302 | 45.593147 |    12
 -122.548302 | 45.593147 |    12
 -122.548302 | 45.593147 |    12
 -122.548562 | 45.593658 |    11
 -122.548562 | 45.593658 |    11
 -122.548562 | 45.593658 |    11
 -122.548562 | 45.593658 |    11
 -122.548562 | 45.593658 |    11
 -122.548562 | 45.593658 |    11
 -122.548782 | 45.594117 |     9
 -122.548782 | 45.594117 |     9
 -122.548782 | 45.594117 |     9
 -122.548782 | 45.594117 |     9
 -122.548782 | 45.594117 |     9
 -122.548782 | 45.594117 |     9
 -122.548952 | 45.594478 |     9
 -122.548952 | 45.594478 |     9
 -122.548952 | 45.594478 |     9
 -122.548952 | 45.594478 |     9
 -122.548952 | 45.594478 |     9
 -122.548952 | 45.594478 |     9
 -122.549143 | 45.594912 |    10
 -122.549143 | 45.594912 |    10
 -122.549143 | 45.594912 |    10
 -122.549143 | 45.594912 |    10
 -122.549143 | 45.594912 |    10
 -122.549143 | 45.594912 |    10
 -122.549345 |   45.5954 |    10
 -122.549345 |   45.5954 |    10
 -122.549345 |   45.5954 |    10
 -122.549345 |   45.5954 |    10
 -122.549345 |   45.5954 |    10
 -122.549345 |   45.5954 |    10
 -122.549538 |  45.59589 |    11
 -122.549538 |  45.59589 |    11
 -122.549538 |  45.59589 |    11
 -122.549538 |  45.59589 |    11
 -122.549538 |  45.59589 |    11
 -122.549538 |  45.59589 |    11
 -122.549723 | 45.596388 |    11
 -122.549723 | 45.596388 |    11
 -122.549723 | 45.596388 |    11
 -122.549723 | 45.596388 |    11
 -122.549723 | 45.596388 |    11
 -122.549723 | 45.596388 |    11
 -122.549895 | 45.596887 |    11
 -122.549895 | 45.596887 |    11
 -122.549895 | 45.596887 |    11
 -122.549895 | 45.596887 |    11
 -122.549895 | 45.596887 |    11
 -122.549895 | 45.596887 |    11
 -122.550068 | 45.597418 |    12
 -122.550068 | 45.597418 |    12
 -122.550068 | 45.597418 |    12
 -122.550068 | 45.597418 |    12
 -122.550068 | 45.597418 |    12
 -122.550068 | 45.597418 |    12
  -122.55024 |    45.598 |    13
  -122.55024 |    45.598 |    13
  -122.55024 |    45.598 |    13
  -122.55024 |    45.598 |    13
  -122.55024 |    45.598 |    13
  -122.55024 |    45.598 |    13
 -122.550403 |  45.59862 |    14
 -122.550403 |  45.59862 |    14
 -122.550403 |  45.59862 |    14
 -122.550403 |  45.59862 |    14
 -122.550403 |  45.59862 |    14
 -122.550403 |  45.59862 |    14
 -122.550542 | 45.599212 |    13
 -122.550542 | 45.599212 |    13
 -122.550542 | 45.599212 |    13
 -122.550542 | 45.599212 |    13
 -122.550542 | 45.599212 |    13
 -122.550542 | 45.599212 |    13
 -122.550657 | 45.599762 |    12
 -122.550657 | 45.599762 |    12
 -122.550657 | 45.599762 |    12
 -122.550657 | 45.599762 |    12
 -122.550657 | 45.599762 |    12
 -122.550657 | 45.599762 |    12
 -122.550752 | 45.600282 |    11
 -122.550752 | 45.600282 |    11
 -122.550752 | 45.600282 |    11
 -122.550752 | 45.600282 |    11
 -122.550752 | 45.600282 |    11
 -122.550752 | 45.600282 |    11
 -122.550842 | 45.600835 |    12
 -122.550842 | 45.600835 |    12
 -122.550842 | 45.600835 |    12
 -122.550842 | 45.600835 |    12
 -122.550842 | 45.600835 |    12
 -122.550842 | 45.600835 |    12
 -122.550952 | 45.601507 |    15
 -122.550952 | 45.601507 |    15
 -122.550952 | 45.601507 |    15
 -122.550952 | 45.601507 |    15
 -122.550952 | 45.601507 |    15
 -122.550952 | 45.601507 |    15
 -122.551072 |  45.60229 |    17
 -122.551072 |  45.60229 |    17
 -122.551072 |  45.60229 |    17
 -122.551072 |  45.60229 |    17
 -122.551072 |  45.60229 |    17
 -122.551072 |  45.60229 |    17
 -122.551168 | 45.603108 |    18
 -122.551168 | 45.603108 |    18
 -122.551168 | 45.603108 |    18
 -122.551168 | 45.603108 |    18
 -122.551168 | 45.603108 |    18
 -122.551168 | 45.603108 |    18
 -122.551245 | 45.603903 |    17
 -122.551245 | 45.603903 |    17
 -122.551245 | 45.603903 |    17
 -122.551245 | 45.603903 |    17
 -122.551245 | 45.603903 |    17
 -122.551245 | 45.603903 |    17
 -122.551312 |  45.60457 |    14
 -122.551312 |  45.60457 |    14
 -122.551312 |  45.60457 |    14
 -122.551312 |  45.60457 |    14
 -122.551312 |  45.60457 |    14
 -122.551312 |  45.60457 |    14
 -122.551327 | 45.605138 |    12
 -122.551327 | 45.605138 |    12
 -122.551327 | 45.605138 |    12
 -122.551327 | 45.605138 |    12
 -122.551327 | 45.605138 |    12
 -122.551327 | 45.605138 |    12
 -122.550952 | 45.605552 |    11
 -122.550952 | 45.605552 |    11
 -122.550952 | 45.605552 |    11
 -122.550952 | 45.605552 |    11
 -122.550952 | 45.605552 |    11
 -122.550952 | 45.605552 |    11
 -122.550227 | 45.605593 |     7
 -122.550227 | 45.605593 |     7
 -122.550227 | 45.605593 |     7
 -122.550227 | 45.605593 |     7
 -122.550227 | 45.605593 |     7
 -122.550227 | 45.605593 |     7
 -122.549578 | 45.605185 |    13
 -122.549578 | 45.605185 |    13
 -122.549578 | 45.605185 |    13
 -122.549578 | 45.605185 |    13
 -122.549578 | 45.605185 |    13
 -122.549578 | 45.605185 |    13
  -122.54911 | 45.604528 |    16
  -122.54911 | 45.604528 |    16
  -122.54911 | 45.604528 |    16
  -122.54911 | 45.604528 |    16
  -122.54911 | 45.604528 |    16
  -122.54911 | 45.604528 |    16
  -122.54882 |   45.6038 |    16
  -122.54882 |   45.6038 |    16
  -122.54882 |   45.6038 |    16
  -122.54882 |   45.6038 |    16
  -122.54882 |   45.6038 |    16
  -122.54882 |   45.6038 |    16
 -122.548548 | 45.603073 |    16
 -122.548548 | 45.603073 |    16
 -122.548548 | 45.603073 |    16
 -122.548548 | 45.603073 |    16
 -122.548548 | 45.603073 |    16
 -122.548548 | 45.603073 |    16
  -122.54795 |  45.60245 |    16
  -122.54795 |  45.60245 |    16
  -122.54795 |  45.60245 |    16
  -122.54795 |  45.60245 |    16
  -122.54795 |  45.60245 |    16
  -122.54795 |  45.60245 |    16
 -122.546882 | 45.602122 |    18
 -122.546882 | 45.602122 |    18
 -122.546882 | 45.602122 |    18
 -122.546882 | 45.602122 |    18
 -122.546882 | 45.602122 |    18
 -122.546882 | 45.602122 |    18
 -122.545517 | 45.602015 |    21
 -122.545517 | 45.602015 |    21
 -122.545517 | 45.602015 |    21
 -122.545517 | 45.602015 |    21
 -122.545517 | 45.602015 |    21
 -122.545517 | 45.602015 |    21
  -122.54402 |  45.60181 |    23
  -122.54402 |  45.60181 |    23
  -122.54402 |  45.60181 |    23
  -122.54402 |  45.60181 |    23
  -122.54402 |  45.60181 |    23
  -122.54402 |  45.60181 |    23
 -122.542513 | 45.601492 |    24
 -122.542513 | 45.601492 |    24
 -122.542513 | 45.601492 |    24
 -122.542513 | 45.601492 |    24
 -122.542513 | 45.601492 |    24
 -122.542513 | 45.601492 |    24
  -122.54102 | 45.601152 |    24
  -122.54102 | 45.601152 |    24
  -122.54102 | 45.601152 |    24
  -122.54102 | 45.601152 |    24
  -122.54102 | 45.601152 |    24
  -122.54102 | 45.601152 |    24
 -122.539512 |   45.6008 |    24
 -122.539512 |   45.6008 |    24
 -122.539512 |   45.6008 |    24
 -122.539512 |   45.6008 |    24
 -122.539512 |   45.6008 |    24
 -122.539512 |   45.6008 |    24
 -122.537967 |  45.60043 |    25
 -122.537967 |  45.60043 |    25
 -122.537967 |  45.60043 |    25
 -122.537967 |  45.60043 |    25
 -122.537967 |  45.60043 |    25
 -122.537967 |  45.60043 |    25
 -122.536372 | 45.600067 |    26
 -122.536372 | 45.600067 |    26
 -122.536372 | 45.600067 |    26
 -122.536372 | 45.600067 |    26
 -122.536372 | 45.600067 |    26
 -122.536372 | 45.600067 |    26
 -122.534752 |   45.5997 |    26
 -122.534752 |   45.5997 |    26
 -122.534752 |   45.5997 |    26
 -122.534752 |   45.5997 |    26
 -122.534752 |   45.5997 |    26
 -122.534752 |   45.5997 |    26
 -122.533145 | 45.599318 |    26
 -122.533145 | 45.599318 |    26
 -122.533145 | 45.599318 |    26
 -122.533145 | 45.599318 |    26
 -122.533145 | 45.599318 |    26
 -122.533145 | 45.599318 |    26
 -122.531538 | 45.598948 |    26
 -122.531538 | 45.598948 |    26
 -122.531538 | 45.598948 |    26
 -122.531538 | 45.598948 |    26
 -122.531538 | 45.598948 |    26
 -122.531538 | 45.598948 |    26
 -122.529945 | 45.598588 |    25
 -122.529945 | 45.598588 |    25
 -122.529945 | 45.598588 |    25
 -122.529945 | 45.598588 |    25
 -122.529945 | 45.598588 |    25
 -122.529945 | 45.598588 |    25
 -122.528388 | 45.598218 |    25
 -122.528388 | 45.598218 |    25
 -122.528388 | 45.598218 |    25
 -122.528388 | 45.598218 |    25
 -122.528388 | 45.598218 |    25
 -122.528388 | 45.598218 |    25
 -122.526852 | 45.597855 |    25
 -122.526852 | 45.597855 |    25
 -122.526852 | 45.597855 |    25
 -122.526852 | 45.597855 |    25
 -122.526852 | 45.597855 |    25
 -122.526852 | 45.597855 |    25
 -122.525345 | 45.597497 |    24
 -122.525345 | 45.597497 |    24
 -122.525345 | 45.597497 |    24
 -122.525345 | 45.597497 |    24
 -122.525345 | 45.597497 |    24
 -122.525345 | 45.597497 |    24
 -122.523853 | 45.597123 |    24
 -122.523853 | 45.597123 |    24
 -122.523853 | 45.597123 |    24
 -122.523853 | 45.597123 |    24
 -122.523853 | 45.597123 |    24
 -122.523853 | 45.597123 |    24
 -122.522378 | 45.596722 |    24
 -122.522378 | 45.596722 |    24
 -122.522378 | 45.596722 |    24
 -122.522378 | 45.596722 |    24
 -122.522378 | 45.596722 |    24
 -122.522378 | 45.596722 |    24
  -122.52086 | 45.596307 |    25
  -122.52086 | 45.596307 |    25
  -122.52086 | 45.596307 |    25
  -122.52086 | 45.596307 |    25
  -122.52086 | 45.596307 |    25
  -122.52086 | 45.596307 |    25
 -122.518997 | 45.595798 |    31
 -122.518997 | 45.595798 |    31
 -122.518997 | 45.595798 |    31
 -122.518997 | 45.595798 |    31
 -122.518997 | 45.595798 |    31
 -122.518997 | 45.595798 |    31
  -122.51746 | 45.595375 |    25
  -122.51746 | 45.595375 |    25
  -122.51746 | 45.595375 |    25
  -122.51746 | 45.595375 |    25
  -122.51746 | 45.595375 |    25
  -122.51746 | 45.595375 |    25
 -122.515613 | 45.594872 |    25
 -122.515613 | 45.594872 |    25
 -122.515613 | 45.594872 |    25
 -122.515613 | 45.594872 |    25
 -122.515613 | 45.594872 |    25
 -122.515613 | 45.594872 |    25
 -122.514055 | 45.594443 |    25
 -122.514055 | 45.594443 |    25
 -122.514055 | 45.594443 |    25
 -122.514055 | 45.594443 |    25
 -122.514055 | 45.594443 |    25
 -122.514055 | 45.594443 |    25
 -122.512462 | 45.594008 |    26
 -122.512462 | 45.594008 |    26
 -122.512462 | 45.594008 |    26
 -122.512462 | 45.594008 |    26
 -122.512462 | 45.594008 |    26
 -122.512462 | 45.594008 |    26
  -122.51084 | 45.593532 |    27
  -122.51084 | 45.593532 |    27
  -122.51084 | 45.593532 |    27
  -122.51084 | 45.593532 |    27
  -122.51084 | 45.593532 |    27
  -122.51084 | 45.593532 |    27
 -122.509255 | 45.593037 |    26
 -122.509255 | 45.593037 |    26
 -122.509255 | 45.593037 |    26
 -122.509255 | 45.593037 |    26
 -122.509255 | 45.593037 |    26
 -122.509255 | 45.593037 |    26
 -122.507818 | 45.592587 |    24
 -122.507818 | 45.592587 |    24
 -122.507818 | 45.592587 |    24
 -122.507818 | 45.592587 |    24
 -122.507818 | 45.592587 |    24
 -122.507818 | 45.592587 |    24
 -122.506608 | 45.592102 |    21
 -122.506608 | 45.592102 |    21
 -122.506608 | 45.592102 |    21
 -122.506608 | 45.592102 |    21
 -122.506608 | 45.592102 |    21
 -122.506608 | 45.592102 |    21
 -122.505627 | 45.591612 |    18
 -122.505627 | 45.591612 |    18
 -122.505627 | 45.591612 |    18
 -122.505627 | 45.591612 |    18
 -122.505627 | 45.591612 |    18
 -122.505627 | 45.591612 |    18
 -122.504878 |  45.59127 |    13
 -122.504878 |  45.59127 |    13
 -122.504878 |  45.59127 |    13
 -122.504878 |  45.59127 |    13
 -122.504878 |  45.59127 |    13
 -122.504878 |  45.59127 |    13
 -122.504323 | 45.591148 |     8
 -122.504323 | 45.591148 |     8
 -122.504323 | 45.591148 |     8
 -122.504323 | 45.591148 |     8
 -122.504323 | 45.591148 |     8
 -122.504323 | 45.591148 |     8
 -122.503982 | 45.591148 |     5
 -122.503982 | 45.591148 |     5
 -122.503982 | 45.591148 |     5
 -122.503982 | 45.591148 |     5
 -122.503982 | 45.591148 |     5
 -122.503982 | 45.591148 |     5
 -122.503758 | 45.591268 |     4
 -122.503758 | 45.591268 |     4
 -122.503758 | 45.591268 |     4
 -122.503758 | 45.591268 |     4
 -122.503758 | 45.591268 |     4
 -122.503758 | 45.591268 |     4
 -122.503753 | 45.591557 |     6
 -122.503753 | 45.591557 |     6
 -122.503753 | 45.591557 |     6
 -122.503753 | 45.591557 |     6
 -122.503753 | 45.591557 |     6
 -122.503753 | 45.591557 |     6
  -122.50383 | 45.592012 |    10
  -122.50383 | 45.592012 |    10
  -122.50383 | 45.592012 |    10
  -122.50383 | 45.592012 |    10
  -122.50383 | 45.592012 |    10
  -122.50383 | 45.592012 |    10
 -122.503817 | 45.592548 |    11
 -122.503817 | 45.592548 |    11
 -122.503817 | 45.592548 |    11
 -122.503817 | 45.592548 |    11
 -122.503817 | 45.592548 |    11
 -122.503817 | 45.592548 |    11
 -122.503833 | 45.593132 |    13
 -122.503833 | 45.593132 |    13
 -122.503833 | 45.593132 |    13
 -122.503833 | 45.593132 |    13
 -122.503833 | 45.593132 |    13
 -122.503833 | 45.593132 |    13
 -122.503865 | 45.593723 |    12
 -122.503865 | 45.593723 |    12
 -122.503865 | 45.593723 |    12
 -122.503865 | 45.593723 |    12
 -122.503865 | 45.593723 |    12
 -122.503865 | 45.593723 |    12
 -122.503888 | 45.594098 |     7
 -122.503888 | 45.594098 |     7
 -122.503888 | 45.594098 |     7
 -122.503888 | 45.594098 |     7
 -122.503888 | 45.594098 |     7
 -122.503888 | 45.594098 |     7
 -122.503888 | 45.594148 |     0
 -122.503888 | 45.594148 |     0
 -122.503888 | 45.594148 |     0
 -122.503888 | 45.594148 |     0
 -122.503888 | 45.594148 |     0
 -122.503888 | 45.594148 |     0
 -122.503888 | 45.594148 |     0
 -122.503888 | 45.594148 |     0
 -122.503888 | 45.594148 |     0
 -122.503888 | 45.594148 |     0
 -122.503888 | 45.594148 |     0
 -122.503888 | 45.594148 |     0
 -122.503888 | 45.594148 |     0
 -122.503888 | 45.594148 |     0
 -122.503888 | 45.594148 |     0
 -122.503888 | 45.594148 |     0
 -122.503888 | 45.594148 |     0
 -122.503888 | 45.594148 |     0
 -122.503963 | 45.594262 |     3
 -122.503963 | 45.594262 |     3
 -122.503963 | 45.594262 |     3
 -122.503963 | 45.594262 |     3
 -122.503963 | 45.594262 |     3
 -122.503963 | 45.594262 |     3
 -122.504315 | 45.594255 |     5
 -122.504315 | 45.594255 |     5
 -122.504315 | 45.594255 |     5
 -122.504315 | 45.594255 |     5
 -122.504315 | 45.594255 |     5
 -122.504315 | 45.594255 |     5
  -122.50472 | 45.594138 |     6
  -122.50472 | 45.594138 |     6
  -122.50472 | 45.594138 |     6
  -122.50472 | 45.594138 |     6
  -122.50472 | 45.594138 |     6
  -122.50472 | 45.594138 |     6
 -122.505128 | 45.594223 |     6
 -122.505128 | 45.594223 |     6
 -122.505128 | 45.594223 |     6
 -122.505128 | 45.594223 |     6
 -122.505128 | 45.594223 |     6
 -122.505128 | 45.594223 |     6
 -122.505507 | 45.594397 |     7
 -122.505507 | 45.594397 |     7
 -122.505507 | 45.594397 |     7
 -122.505507 | 45.594397 |     7
 -122.505507 | 45.594397 |     7
 -122.505507 | 45.594397 |     7
 -122.505803 | 45.594558 |     5
 -122.505803 | 45.594558 |     5
 -122.505803 | 45.594558 |     5
 -122.505803 | 45.594558 |     5
 -122.505803 | 45.594558 |     5
 -122.505803 | 45.594558 |     5
 -122.505835 | 45.594575 |     0
 -122.505835 | 45.594575 |     0
 -122.505835 | 45.594575 |     0
 -122.505835 | 45.594575 |     0
 -122.505835 | 45.594575 |     0
 -122.505835 | 45.594575 |     0
 -122.505223 |   45.5945 |     0
 -122.505223 |   45.5945 |     0
 -122.505223 |   45.5945 |     0
 -122.505223 |   45.5945 |     0
 -122.505223 |   45.5945 |     0
 -122.505223 |   45.5945 |     0
 -122.564358 |   45.5588 |     0
 -122.564358 |   45.5588 |     0
 -122.564358 |   45.5588 |     0
 -122.564358 |   45.5588 |     0
 -122.564358 |   45.5588 |     0
 -122.564358 |   45.5588 |     0
 -122.564232 | 45.558718 |     2
 -122.564232 | 45.558718 |     2
 -122.564232 | 45.558718 |     2
 -122.564232 | 45.558718 |     2
 -122.564232 | 45.558718 |     2
 -122.564232 | 45.558718 |     2
 -122.564197 | 45.558647 |     1
 -122.564197 | 45.558647 |     1
 -122.564197 | 45.558647 |     1
 -122.564197 | 45.558647 |     1
 -122.564197 | 45.558647 |     1
 -122.564197 | 45.558647 |     1
 -122.564197 | 45.558645 |     0
 -122.564197 | 45.558645 |     0
 -122.564197 | 45.558645 |     0
 -122.564197 | 45.558645 |     0
 -122.564197 | 45.558645 |     0
 -122.564197 | 45.558645 |     0
 -122.564197 | 45.558645 |     0
 -122.564197 | 45.558645 |     0
 -122.564197 | 45.558645 |     0
 -122.564197 | 45.558645 |     0
 -122.564197 | 45.558645 |     0
 -122.564197 | 45.558645 |     0
 -122.564197 | 45.558645 |     0
 -122.564197 | 45.558645 |     0
 -122.564197 | 45.558645 |     0
 -122.564197 | 45.558645 |     0
 -122.564197 | 45.558645 |     0
 -122.564197 | 45.558645 |     0
 -122.564195 | 45.558642 |     0
 -122.564195 | 45.558642 |     0
 -122.564195 | 45.558642 |     0
 -122.564195 | 45.558642 |     0
 -122.564195 | 45.558642 |     0
 -122.564195 | 45.558642 |     0
 -122.564132 | 45.558557 |     0
 -122.564132 | 45.558557 |     0
 -122.564132 | 45.558557 |     0
 -122.564132 | 45.558557 |     0
 -122.564132 | 45.558557 |     0
 -122.564132 | 45.558557 |     0
 -122.563918 | 45.558383 |     5
 -122.563918 | 45.558383 |     5
 -122.563918 | 45.558383 |     5
 -122.563918 | 45.558383 |     5
 -122.563918 | 45.558383 |     5
 -122.563918 | 45.558383 |     5
 -122.563528 | 45.558462 |     6
 -122.563528 | 45.558462 |     6
 -122.563528 | 45.558462 |     6
 -122.563528 | 45.558462 |     6
 -122.563528 | 45.558462 |     6
 -122.563528 | 45.558462 |     6
  -122.56301 | 45.558665 |     9
  -122.56301 | 45.558665 |     9
  -122.56301 | 45.558665 |     9
  -122.56301 | 45.558665 |     9
  -122.56301 | 45.558665 |     9
  -122.56301 | 45.558665 |     9
  -122.56246 | 45.558875 |     9
  -122.56246 | 45.558875 |     9
  -122.56246 | 45.558875 |     9
  -122.56246 | 45.558875 |     9
  -122.56246 | 45.558875 |     9
  -122.56246 | 45.558875 |     9
 -122.562013 | 45.559043 |     7
 -122.562013 | 45.559043 |     7
 -122.562013 | 45.559043 |     7
 -122.562013 | 45.559043 |     7
 -122.562013 | 45.559043 |     7
 -122.562013 | 45.559043 |     7
 -122.561748 | 45.559245 |     6
 -122.561748 | 45.559245 |     6
 -122.561748 | 45.559245 |     6
 -122.561748 | 45.559245 |     6
 -122.561748 | 45.559245 |     6
 -122.561748 | 45.559245 |     6
 -122.561465 | 45.559568 |     7
 -122.561465 | 45.559568 |     7
 -122.561465 | 45.559568 |     7
 -122.561465 | 45.559568 |     7
 -122.561465 | 45.559568 |     7
 -122.561465 | 45.559568 |     7
 -122.561135 | 45.559937 |    10
 -122.561135 | 45.559937 |    10
 -122.561135 | 45.559937 |    10
 -122.561135 | 45.559937 |    10
 -122.561135 | 45.559937 |    10
 -122.561135 | 45.559937 |    10
 -122.560897 | 45.560407 |    11
 -122.560897 | 45.560407 |    11
 -122.560897 | 45.560407 |    11
 -122.560897 | 45.560407 |    11
 -122.560897 | 45.560407 |    11
 -122.560897 | 45.560407 |    11
 -122.560873 | 45.560993 |    12
 -122.560873 | 45.560993 |    12
 -122.560873 | 45.560993 |    12
 -122.560873 | 45.560993 |    12
 -122.560873 | 45.560993 |    12
 -122.560873 | 45.560993 |    12
 -122.560842 |  45.56157 |    11
 -122.560842 |  45.56157 |    11
 -122.560842 |  45.56157 |    11
 -122.560842 |  45.56157 |    11
 -122.560842 |  45.56157 |    11
 -122.560842 |  45.56157 |    11
 -122.560698 |  45.56203 |    10
 -122.560698 |  45.56203 |    10
 -122.560698 |  45.56203 |    10
 -122.560698 |  45.56203 |    10
 -122.560698 |  45.56203 |    10
 -122.560698 |  45.56203 |    10
 -122.560572 | 45.562245 |     5
 -122.560572 | 45.562245 |     5
 -122.560572 | 45.562245 |     5
 -122.560572 | 45.562245 |     5
 -122.560572 | 45.562245 |     5
 -122.560572 | 45.562245 |     5
  -122.56031 | 45.562582 |     8
  -122.56031 | 45.562582 |     8
  -122.56031 | 45.562582 |     8
  -122.56031 | 45.562582 |     8
  -122.56031 | 45.562582 |     8
  -122.56031 | 45.562582 |     8
 -122.559813 | 45.563015 |    12
 -122.559813 | 45.563015 |    12
 -122.559813 | 45.563015 |    12
 -122.559813 | 45.563015 |    12
 -122.559813 | 45.563015 |    12
 -122.559813 | 45.563015 |    12
  -122.55919 | 45.563522 |    14
  -122.55919 | 45.563522 |    14
  -122.55919 | 45.563522 |    14
  -122.55919 | 45.563522 |    14
  -122.55919 | 45.563522 |    14
  -122.55919 | 45.563522 |    14
 -122.558558 | 45.564013 |    14
 -122.558558 | 45.564013 |    14
 -122.558558 | 45.564013 |    14
 -122.558558 | 45.564013 |    14
 -122.558558 | 45.564013 |    14
 -122.558558 | 45.564013 |    14
 -122.557942 | 45.564477 |    14
 -122.557942 | 45.564477 |    14
 -122.557942 | 45.564477 |    14
 -122.557942 | 45.564477 |    14
 -122.557942 | 45.564477 |    14
 -122.557942 | 45.564477 |    14
 -122.557337 | 45.564952 |    14
 -122.557337 | 45.564952 |    14
 -122.557337 | 45.564952 |    14
 -122.557337 | 45.564952 |    14
 -122.557337 | 45.564952 |    14
 -122.557337 | 45.564952 |    14
 -122.556653 | 45.565497 |    16
 -122.556653 | 45.565497 |    16
 -122.556653 | 45.565497 |    16
 -122.556653 | 45.565497 |    16
 -122.556653 | 45.565497 |    16
 -122.556653 | 45.565497 |    16
 -122.555925 |  45.56605 |    16
 -122.555925 |  45.56605 |    16
 -122.555925 |  45.56605 |    16
 -122.555925 |  45.56605 |    16
 -122.555925 |  45.56605 |    16
 -122.555925 |  45.56605 |    16
 -122.555192 | 45.566605 |    16
 -122.555192 | 45.566605 |    16
 -122.555192 | 45.566605 |    16
 -122.555192 | 45.566605 |    16
 -122.555192 | 45.566605 |    16
 -122.555192 | 45.566605 |    16
 -122.554388 | 45.567213 |    18
 -122.554388 | 45.567213 |    18
 -122.554388 | 45.567213 |    18
 -122.554388 | 45.567213 |    18
 -122.554388 | 45.567213 |    18
 -122.554388 | 45.567213 |    18
  -122.55351 | 45.567878 |    20
  -122.55351 | 45.567878 |    20
  -122.55351 | 45.567878 |    20
  -122.55351 | 45.567878 |    20
  -122.55351 | 45.567878 |    20
  -122.55351 | 45.567878 |    20
 -122.552617 | 45.568553 |    20
 -122.552617 | 45.568553 |    20
 -122.552617 | 45.568553 |    20
 -122.552617 | 45.568553 |    20
 -122.552617 | 45.568553 |    20
 -122.552617 | 45.568553 |    20
  -122.55173 | 45.569227 |    20
  -122.55173 | 45.569227 |    20
  -122.55173 | 45.569227 |    20
  -122.55173 | 45.569227 |    20
  -122.55173 | 45.569227 |    20
  -122.55173 | 45.569227 |    20
 -122.550847 | 45.569897 |    20
 -122.550847 | 45.569897 |    20
 -122.550847 | 45.569897 |    20
 -122.550847 | 45.569897 |    20
 -122.550847 | 45.569897 |    20
 -122.550847 | 45.569897 |    20
 -122.550045 | 45.570518 |    18
 -122.550045 | 45.570518 |    18
 -122.550045 | 45.570518 |    18
 -122.550045 | 45.570518 |    18
 -122.550045 | 45.570518 |    18
 -122.550045 | 45.570518 |    18
  -122.54951 | 45.570942 |    12
  -122.54951 | 45.570942 |    12
  -122.54951 | 45.570942 |    12
  -122.54951 | 45.570942 |    12
  -122.54951 | 45.570942 |    12
  -122.54951 | 45.570942 |    12
 -122.549212 | 45.571188 |     6
 -122.549212 | 45.571188 |     6
 -122.549212 | 45.571188 |     6
 -122.549212 | 45.571188 |     6
 -122.549212 | 45.571188 |     6
 -122.549212 | 45.571188 |     6
 -122.548947 | 45.571418 |     6
 -122.548947 | 45.571418 |     6
 -122.548947 | 45.571418 |     6
 -122.548947 | 45.571418 |     6
 -122.548947 | 45.571418 |     6
 -122.548947 | 45.571418 |     6
 -122.548695 | 45.571637 |     6
 -122.548695 | 45.571637 |     6
 -122.548695 | 45.571637 |     6
 -122.548695 | 45.571637 |     6
 -122.548695 | 45.571637 |     6
 -122.548695 | 45.571637 |     6
  -122.54852 |  45.57179 |     4
  -122.54852 |  45.57179 |     4
  -122.54852 |  45.57179 |     4
  -122.54852 |  45.57179 |     4
  -122.54852 |  45.57179 |     4
  -122.54852 |  45.57179 |     4
 -122.548423 | 45.571877 |     2
 -122.548423 | 45.571877 |     2
 -122.548423 | 45.571877 |     2
 -122.548423 | 45.571877 |     2
 -122.548423 | 45.571877 |     2
 -122.548423 | 45.571877 |     2
 -122.548253 | 45.572033 |     4
 -122.548253 | 45.572033 |     4
 -122.548253 | 45.572033 |     4
 -122.548253 | 45.572033 |     4
 -122.548253 | 45.572033 |     4
 -122.548253 | 45.572033 |     4
  -122.54806 | 45.572218 |     5
  -122.54806 | 45.572218 |     5
  -122.54806 | 45.572218 |     5
  -122.54806 | 45.572218 |     5
  -122.54806 | 45.572218 |     5
  -122.54806 | 45.572218 |     5
 -122.547873 | 45.572398 |     4
 -122.547873 | 45.572398 |     4
 -122.547873 | 45.572398 |     4
 -122.547873 | 45.572398 |     4
 -122.547873 | 45.572398 |     4
 -122.547873 | 45.572398 |     4
 -122.547668 | 45.572598 |     5
 -122.547668 | 45.572598 |     5
 -122.547668 | 45.572598 |     5
 -122.547668 | 45.572598 |     5
 -122.547668 | 45.572598 |     5
 -122.547668 | 45.572598 |     5
 -122.547415 | 45.572855 |     7
 -122.547415 | 45.572855 |     7
 -122.547415 | 45.572855 |     7
 -122.547415 | 45.572855 |     7
 -122.547415 | 45.572855 |     7
 -122.547415 | 45.572855 |     7
 -122.547102 | 45.573185 |     8
 -122.547102 | 45.573185 |     8
 -122.547102 | 45.573185 |     8
 -122.547102 | 45.573185 |     8
 -122.547102 | 45.573185 |     8
 -122.547102 | 45.573185 |     8
 -122.546748 | 45.573588 |    10
 -122.546748 | 45.573588 |    10
 -122.546748 | 45.573588 |    10
 -122.546748 | 45.573588 |    10
 -122.546748 | 45.573588 |    10
 -122.546748 | 45.573588 |    10
 -122.546372 | 45.574048 |    11
 -122.546372 | 45.574048 |    11
 -122.546372 | 45.574048 |    11
 -122.546372 | 45.574048 |    11
 -122.546372 | 45.574048 |    11
 -122.546372 | 45.574048 |    11
 -122.545987 | 45.574573 |    13
 -122.545987 | 45.574573 |    13
 -122.545987 | 45.574573 |    13
 -122.545987 | 45.574573 |    13
 -122.545987 | 45.574573 |    13
 -122.545987 | 45.574573 |    13
 -122.545575 | 45.575185 |    15
 -122.545575 | 45.575185 |    15
 -122.545575 | 45.575185 |    15
 -122.545575 | 45.575185 |    15
 -122.545575 | 45.575185 |    15
 -122.545575 | 45.575185 |    15
 -122.545157 | 45.575867 |    16
 -122.545157 | 45.575867 |    16
 -122.545157 | 45.575867 |    16
 -122.545157 | 45.575867 |    16
 -122.545157 | 45.575867 |    16
 -122.545157 | 45.575867 |    16
 -122.544747 | 45.576627 |    18
 -122.544747 | 45.576627 |    18
 -122.544747 | 45.576627 |    18
 -122.544747 | 45.576627 |    18
 -122.544747 | 45.576627 |    18
 -122.544747 | 45.576627 |    18
  -122.54437 | 45.577463 |    19
  -122.54437 | 45.577463 |    19
  -122.54437 | 45.577463 |    19
  -122.54437 | 45.577463 |    19
  -122.54437 | 45.577463 |    19
  -122.54437 | 45.577463 |    19
 -122.544025 | 45.578383 |    21
 -122.544025 | 45.578383 |    21
 -122.544025 | 45.578383 |    21
 -122.544025 | 45.578383 |    21
 -122.544025 | 45.578383 |    21
 -122.544025 | 45.578383 |    21
 -122.543727 | 45.579378 |    22
 -122.543727 | 45.579378 |    22
 -122.543727 | 45.579378 |    22
 -122.543727 | 45.579378 |    22
 -122.543727 | 45.579378 |    22
 -122.543727 | 45.579378 |    22
  -122.54355 | 45.580393 |    22
  -122.54355 | 45.580393 |    22
  -122.54355 | 45.580393 |    22
  -122.54355 | 45.580393 |    22
  -122.54355 | 45.580393 |    22
  -122.54355 | 45.580393 |    22
 -122.543467 | 45.581407 |    22
 -122.543467 | 45.581407 |    22
 -122.543467 | 45.581407 |    22
 -122.543467 | 45.581407 |    22
 -122.543467 | 45.581407 |    22
 -122.543467 | 45.581407 |    22
  -122.54347 | 45.582387 |    21
  -122.54347 | 45.582387 |    21
  -122.54347 | 45.582387 |    21
  -122.54347 | 45.582387 |    21
  -122.54347 | 45.582387 |    21
  -122.54347 | 45.582387 |    21
 -122.543553 | 45.583312 |    20
 -122.543553 | 45.583312 |    20
 -122.543553 | 45.583312 |    20
 -122.543553 | 45.583312 |    20
 -122.543553 | 45.583312 |    20
 -122.543553 | 45.583312 |    20
 -122.543707 | 45.584192 |    19
 -122.543707 | 45.584192 |    19
 -122.543707 | 45.584192 |    19
 -122.543707 | 45.584192 |    19
 -122.543707 | 45.584192 |    19
 -122.543707 | 45.584192 |    19
 -122.543895 | 45.584958 |    17
 -122.543895 | 45.584958 |    17
 -122.543895 | 45.584958 |    17
 -122.543895 | 45.584958 |    17
 -122.543895 | 45.584958 |    17
 -122.543895 | 45.584958 |    17
 -122.544088 |  45.58558 |    13
 -122.544088 |  45.58558 |    13
 -122.544088 |  45.58558 |    13
 -122.544088 |  45.58558 |    13
 -122.544088 |  45.58558 |    13
 -122.544088 |  45.58558 |    13
  -122.54421 | 45.585925 |     7
  -122.54421 | 45.585925 |     7
  -122.54421 | 45.585925 |     7
  -122.54421 | 45.585925 |     7
  -122.54421 | 45.585925 |     7
  -122.54421 | 45.585925 |     7
  -122.54428 | 45.586107 |     4
  -122.54428 | 45.586107 |     4
  -122.54428 | 45.586107 |     4
  -122.54428 | 45.586107 |     4
  -122.54428 | 45.586107 |     4
  -122.54428 | 45.586107 |     4
 -122.544325 |  45.58622 |     2
 -122.544325 |  45.58622 |     2
 -122.544325 |  45.58622 |     2
 -122.544325 |  45.58622 |     2
 -122.544325 |  45.58622 |     2
 -122.544325 |  45.58622 |     2
 -122.544345 |  45.58627 |     1
 -122.544345 |  45.58627 |     1
 -122.544345 |  45.58627 |     1
 -122.544345 |  45.58627 |     1
 -122.544345 |  45.58627 |     1
 -122.544345 |  45.58627 |     1
 -122.544393 | 45.586385 |     2
 -122.544393 | 45.586385 |     2
 -122.544393 | 45.586385 |     2
 -122.544393 | 45.586385 |     2
 -122.544393 | 45.586385 |     2
 -122.544393 | 45.586385 |     2
 -122.544463 |  45.58654 |     3
 -122.544463 |  45.58654 |     3
 -122.544463 |  45.58654 |     3
 -122.544463 |  45.58654 |     3
 -122.544463 |  45.58654 |     3
 -122.544463 |  45.58654 |     3
 -122.544547 | 45.586718 |     4
 -122.544547 | 45.586718 |     4
 -122.544547 | 45.586718 |     4
 -122.544547 | 45.586718 |     4
 -122.544547 | 45.586718 |     4
 -122.544547 | 45.586718 |     4
 -122.544623 | 45.586887 |     4
 -122.544623 | 45.586887 |     4
 -122.544623 | 45.586887 |     4
 -122.544623 | 45.586887 |     4
 -122.544623 | 45.586887 |     4
 -122.544623 | 45.586887 |     4
 -122.544722 | 45.587092 |     5
 -122.544722 | 45.587092 |     5
 -122.544722 | 45.587092 |     5
 -122.544722 | 45.587092 |     5
 -122.544722 | 45.587092 |     5
 -122.544722 | 45.587092 |     5
 -122.544872 | 45.587385 |     7
 -122.544872 | 45.587385 |     7
 -122.544872 | 45.587385 |     7
 -122.544872 | 45.587385 |     7
 -122.544872 | 45.587385 |     7
 -122.544872 | 45.587385 |     7
  -122.54507 | 45.587753 |     8
  -122.54507 | 45.587753 |     8
  -122.54507 | 45.587753 |     8
  -122.54507 | 45.587753 |     8
  -122.54507 | 45.587753 |     8
  -122.54507 | 45.587753 |     8
 -122.545297 | 45.588155 |     9
 -122.545297 | 45.588155 |     9
 -122.545297 | 45.588155 |     9
 -122.545297 | 45.588155 |     9
 -122.545297 | 45.588155 |     9
 -122.545297 | 45.588155 |     9
 -122.545548 |  45.58858 |    10
 -122.545548 |  45.58858 |    10
 -122.545548 |  45.58858 |    10
 -122.545548 |  45.58858 |    10
 -122.545548 |  45.58858 |    10
 -122.545548 |  45.58858 |    10
  -122.54584 | 45.589055 |    11
  -122.54584 | 45.589055 |    11
  -122.54584 | 45.589055 |    11
  -122.54584 | 45.589055 |    11
  -122.54584 | 45.589055 |    11
  -122.54584 | 45.589055 |    11
 -122.546168 |  45.58959 |    13
 -122.546168 |  45.58959 |    13
 -122.546168 |  45.58959 |    13
 -122.546168 |  45.58959 |    13
 -122.546168 |  45.58959 |    13
 -122.546168 |  45.58959 |    13
  -122.54654 | 45.590187 |    14
  -122.54654 | 45.590187 |    14
  -122.54654 | 45.590187 |    14
  -122.54654 | 45.590187 |    14
  -122.54654 | 45.590187 |    14
  -122.54654 | 45.590187 |    14
 -122.546908 |  45.59078 |    14
 -122.546908 |  45.59078 |    14
 -122.546908 |  45.59078 |    14
 -122.546908 |  45.59078 |    14
 -122.546908 |  45.59078 |    14
 -122.546908 |  45.59078 |    14
 -122.547257 | 45.591347 |    13
 -122.547257 | 45.591347 |    13
 -122.547257 | 45.591347 |    13
 -122.547257 | 45.591347 |    13
 -122.547257 | 45.591347 |    13
 -122.547257 | 45.591347 |    13
 -122.547567 | 45.591857 |    12
 -122.547567 | 45.591857 |    12
 -122.547567 | 45.591857 |    12
 -122.547567 | 45.591857 |    12
 -122.547567 | 45.591857 |    12
 -122.547567 | 45.591857 |    12
 -122.547862 | 45.592362 |    12
 -122.547862 | 45.592362 |    12
 -122.547862 | 45.592362 |    12
 -122.547862 | 45.592362 |    12
 -122.547862 | 45.592362 |    12
 -122.547862 | 45.592362 |    12
 -122.548117 |  45.59282 |    10
 -122.548117 |  45.59282 |    10
 -122.548117 |  45.59282 |    10
 -122.548117 |  45.59282 |    10
 -122.548117 |  45.59282 |    10
 -122.548117 |  45.59282 |    10
 -122.548335 | 45.593228 |     9
 -122.548335 | 45.593228 |     9
 -122.548335 | 45.593228 |     9
 -122.548335 | 45.593228 |     9
 -122.548335 | 45.593228 |     9
 -122.548335 | 45.593228 |     9
 -122.548572 |  45.59369 |    11
 -122.548572 |  45.59369 |    11
 -122.548572 |  45.59369 |    11
 -122.548572 |  45.59369 |    11
 -122.548572 |  45.59369 |    11
 -122.548572 |  45.59369 |    11
 -122.548818 | 45.594195 |    11
 -122.548818 | 45.594195 |    11
 -122.548818 | 45.594195 |    11
 -122.548818 | 45.594195 |    11
 -122.548818 | 45.594195 |    11
 -122.548818 | 45.594195 |    11
 -122.549053 |  45.59471 |    11
 -122.549053 |  45.59471 |    11
 -122.549053 |  45.59471 |    11
 -122.549053 |  45.59471 |    11
 -122.549053 |  45.59471 |    11
 -122.549053 |  45.59471 |    11
 -122.549258 | 45.595193 |    11
 -122.549258 | 45.595193 |    11
 -122.549258 | 45.595193 |    11
 -122.549258 | 45.595193 |    11
 -122.549258 | 45.595193 |    11
 -122.549258 | 45.595193 |    11
 -122.549402 | 45.595543 |     7
 -122.549402 | 45.595543 |     7
 -122.549402 | 45.595543 |     7
 -122.549402 | 45.595543 |     7
 -122.549402 | 45.595543 |     7
 -122.549402 | 45.595543 |     7
 -122.549527 | 45.595855 |     7
 -122.549527 | 45.595855 |     7
 -122.549527 | 45.595855 |     7
 -122.549527 | 45.595855 |     7
 -122.549527 | 45.595855 |     7
 -122.549527 | 45.595855 |     7
 -122.549688 | 45.596282 |    10
 -122.549688 | 45.596282 |    10
 -122.549688 | 45.596282 |    10
 -122.549688 | 45.596282 |    10
 -122.549688 | 45.596282 |    10
 -122.549688 | 45.596282 |    10
 -122.549872 |   45.5968 |    11
 -122.549872 |   45.5968 |    11
 -122.549872 |   45.5968 |    11
 -122.549872 |   45.5968 |    11
 -122.549872 |   45.5968 |    11
 -122.549872 |   45.5968 |    11
 -122.550055 | 45.597355 |    12
 -122.550055 | 45.597355 |    12
 -122.550055 | 45.597355 |    12
 -122.550055 | 45.597355 |    12
 -122.550055 | 45.597355 |    12
 -122.550055 | 45.597355 |    12
 -122.550237 | 45.597975 |    14
 -122.550237 | 45.597975 |    14
 -122.550237 | 45.597975 |    14
 -122.550237 | 45.597975 |    14
 -122.550237 | 45.597975 |    14
 -122.550237 | 45.597975 |    14
 -122.550408 | 45.598622 |    14
 -122.550408 | 45.598622 |    14
 -122.550408 | 45.598622 |    14
 -122.550408 | 45.598622 |    14
 -122.550408 | 45.598622 |    14
 -122.550408 | 45.598622 |    14
  -122.55057 | 45.599303 |    15
  -122.55057 | 45.599303 |    15
  -122.55057 | 45.599303 |    15
  -122.55057 | 45.599303 |    15
  -122.55057 | 45.599303 |    15
  -122.55057 | 45.599303 |    15
 -122.550707 | 45.600002 |    15
 -122.550707 | 45.600002 |    15
 -122.550707 | 45.600002 |    15
 -122.550707 | 45.600002 |    15
 -122.550707 | 45.600002 |    15
 -122.550707 | 45.600002 |    15
 -122.550915 | 45.601252 |    13
 -122.550915 | 45.601252 |    13
 -122.550915 | 45.601252 |    13
 -122.550915 | 45.601252 |    13
 -122.550915 | 45.601252 |    13
 -122.550915 | 45.601252 |    13
 -122.551025 | 45.601927 |    15
 -122.551025 | 45.601927 |    15
 -122.551025 | 45.601927 |    15
 -122.551025 | 45.601927 |    15
 -122.551025 | 45.601927 |    15
 -122.551025 | 45.601927 |    15
 -122.551137 | 45.602723 |    17
 -122.551137 | 45.602723 |    17
 -122.551137 | 45.602723 |    17
 -122.551137 | 45.602723 |    17
 -122.551137 | 45.602723 |    17
 -122.551137 | 45.602723 |    17
 -122.551225 |  45.60359 |    19
 -122.551225 |  45.60359 |    19
 -122.551225 |  45.60359 |    19
 -122.551225 |  45.60359 |    19
 -122.551225 |  45.60359 |    19
 -122.551225 |  45.60359 |    19
  -122.55131 | 45.604422 |    18
  -122.55131 | 45.604422 |    18
  -122.55131 | 45.604422 |    18
  -122.55131 | 45.604422 |    18
  -122.55131 | 45.604422 |    18
  -122.55131 | 45.604422 |    18
 -122.551343 | 45.605107 |    14
 -122.551343 | 45.605107 |    14
 -122.551343 | 45.605107 |    14
 -122.551343 | 45.605107 |    14
 -122.551343 | 45.605107 |    14
 -122.551343 | 45.605107 |    14
 -122.550912 | 45.605563 |    12
 -122.550912 | 45.605563 |    12
 -122.550912 | 45.605563 |    12
 -122.550912 | 45.605563 |    12
 -122.550912 | 45.605563 |    12
 -122.550912 | 45.605563 |    12
 -122.550105 | 45.605553 |    11
 -122.550105 | 45.605553 |    11
 -122.550105 | 45.605553 |    11
 -122.550105 | 45.605553 |    11
 -122.550105 | 45.605553 |    11
 -122.550105 | 45.605553 |    11
 -122.549468 | 45.605055 |    15
 -122.549468 | 45.605055 |    15
 -122.549468 | 45.605055 |    15
 -122.549468 | 45.605055 |    15
 -122.549468 | 45.605055 |    15
 -122.549468 | 45.605055 |    15
 -122.549012 | 45.604283 |    18
 -122.549012 | 45.604283 |    18
 -122.549012 | 45.604283 |    18
 -122.549012 | 45.604283 |    18
 -122.549012 | 45.604283 |    18
 -122.549012 | 45.604283 |    18
   -122.5487 | 45.603435 |    19
   -122.5487 | 45.603435 |    19
   -122.5487 | 45.603435 |    19
   -122.5487 | 45.603435 |    19
   -122.5487 | 45.603435 |    19
   -122.5487 | 45.603435 |    19
 -122.548245 | 45.602657 |    11
 -122.548245 | 45.602657 |    11
 -122.548245 | 45.602657 |    11
 -122.548245 | 45.602657 |    11
 -122.548245 | 45.602657 |    11
 -122.548245 | 45.602657 |    11
 -122.547223 | 45.602173 |    19
 -122.547223 | 45.602173 |    19
 -122.547223 | 45.602173 |    19
 -122.547223 | 45.602173 |    19
 -122.547223 | 45.602173 |    19
 -122.547223 | 45.602173 |    19
 -122.545837 | 45.602048 |    21
 -122.545837 | 45.602048 |    21
 -122.545837 | 45.602048 |    21
 -122.545837 | 45.602048 |    21
 -122.545837 | 45.602048 |    21
 -122.545837 | 45.602048 |    21
 -122.544275 |  45.60186 |    24
 -122.544275 |  45.60186 |    24
 -122.544275 |  45.60186 |    24
 -122.544275 |  45.60186 |    24
 -122.544275 |  45.60186 |    24
 -122.544275 |  45.60186 |    24
 -122.542652 |  45.60153 |    26
 -122.542652 |  45.60153 |    26
 -122.542652 |  45.60153 |    26
 -122.542652 |  45.60153 |    26
 -122.542652 |  45.60153 |    26
 -122.542652 |  45.60153 |    26
 -122.540977 |  45.60115 |    27
 -122.540977 |  45.60115 |    27
 -122.540977 |  45.60115 |    27
 -122.540977 |  45.60115 |    27
 -122.540977 |  45.60115 |    27
 -122.540977 |  45.60115 |    27
 -122.539257 | 45.600745 |    28
 -122.539257 | 45.600745 |    28
 -122.539257 | 45.600745 |    28
 -122.539257 | 45.600745 |    28
 -122.539257 | 45.600745 |    28
 -122.539257 | 45.600745 |    28
 -122.537522 | 45.600332 |    28
 -122.537522 | 45.600332 |    28
 -122.537522 | 45.600332 |    28
 -122.537522 | 45.600332 |    28
 -122.537522 | 45.600332 |    28
 -122.537522 | 45.600332 |    28
 -122.535783 | 45.599933 |    28
 -122.535783 | 45.599933 |    28
 -122.535783 | 45.599933 |    28
 -122.535783 | 45.599933 |    28
 -122.535783 | 45.599933 |    28
 -122.535783 | 45.599933 |    28
 -122.534042 | 45.599527 |    28
 -122.534042 | 45.599527 |    28
 -122.534042 | 45.599527 |    28
 -122.534042 | 45.599527 |    28
 -122.534042 | 45.599527 |    28
 -122.534042 | 45.599527 |    28
 -122.532298 | 45.599112 |    28
 -122.532298 | 45.599112 |    28
 -122.532298 | 45.599112 |    28
 -122.532298 | 45.599112 |    28
 -122.532298 | 45.599112 |    28
 -122.532298 | 45.599112 |    28
 -122.530545 | 45.598717 |    28
 -122.530545 | 45.598717 |    28
 -122.530545 | 45.598717 |    28
 -122.530545 | 45.598717 |    28
 -122.530545 | 45.598717 |    28
 -122.530545 | 45.598717 |    28
 -122.528795 | 45.598307 |    28
 -122.528795 | 45.598307 |    28
 -122.528795 | 45.598307 |    28
 -122.528795 | 45.598307 |    28
 -122.528795 | 45.598307 |    28
 -122.528795 | 45.598307 |    28
  -122.52705 | 45.597893 |    28
  -122.52705 | 45.597893 |    28
  -122.52705 | 45.597893 |    28
  -122.52705 | 45.597893 |    28
  -122.52705 | 45.597893 |    28
  -122.52705 | 45.597893 |    28
 -122.525335 | 45.597485 |    27
 -122.525335 | 45.597485 |    27
 -122.525335 | 45.597485 |    27
 -122.525335 | 45.597485 |    27
 -122.525335 | 45.597485 |    27
 -122.525335 | 45.597485 |    27
 -122.523687 | 45.597072 |    27
 -122.523687 | 45.597072 |    27
 -122.523687 | 45.597072 |    27
 -122.523687 | 45.597072 |    27
 -122.523687 | 45.597072 |    27
 -122.523687 | 45.597072 |    27
 -122.522195 | 45.596662 |    24
 -122.522195 | 45.596662 |    24
 -122.522195 | 45.596662 |    24
 -122.522195 | 45.596662 |    24
 -122.522195 | 45.596662 |    24
 -122.522195 | 45.596662 |    24
 -122.520745 | 45.596263 |    24
 -122.520745 | 45.596263 |    24
 -122.520745 | 45.596263 |    24
 -122.520745 | 45.596263 |    24
 -122.520745 | 45.596263 |    24
 -122.520745 | 45.596263 |    24
 -122.519298 | 45.595867 |    24
 -122.519298 | 45.595867 |    24
 -122.519298 | 45.595867 |    24
 -122.519298 | 45.595867 |    24
 -122.519298 | 45.595867 |    24
 -122.519298 | 45.595867 |    24
 -122.517823 | 45.595463 |    24
 -122.517823 | 45.595463 |    24
 -122.517823 | 45.595463 |    24
 -122.517823 | 45.595463 |    24
 -122.517823 | 45.595463 |    24
 -122.517823 | 45.595463 |    24
 -122.516317 | 45.595048 |    25
 -122.516317 | 45.595048 |    25
 -122.516317 | 45.595048 |    25
 -122.516317 | 45.595048 |    25
 -122.516317 | 45.595048 |    25
 -122.516317 | 45.595048 |    25
 -122.514758 | 45.594622 |    26
 -122.514758 | 45.594622 |    26
 -122.514758 | 45.594622 |    26
 -122.514758 | 45.594622 |    26
 -122.514758 | 45.594622 |    26
 -122.514758 | 45.594622 |    26
 -122.513168 | 45.594187 |    26
 -122.513168 | 45.594187 |    26
 -122.513168 | 45.594187 |    26
 -122.513168 | 45.594187 |    26
 -122.513168 | 45.594187 |    26
 -122.513168 | 45.594187 |    26
 -122.511575 | 45.593738 |    26
 -122.511575 | 45.593738 |    26
 -122.511575 | 45.593738 |    26
 -122.511575 | 45.593738 |    26
 -122.511575 | 45.593738 |    26
 -122.511575 | 45.593738 |    26
 -122.510015 |  45.59326 |    26
 -122.510015 |  45.59326 |    26
 -122.510015 |  45.59326 |    26
 -122.510015 |  45.59326 |    26
 -122.510015 |  45.59326 |    26
 -122.510015 |  45.59326 |    26
 -122.508523 | 45.592795 |    25
 -122.508523 | 45.592795 |    25
 -122.508523 | 45.592795 |    25
 -122.508523 | 45.592795 |    25
 -122.508523 | 45.592795 |    25
 -122.508523 | 45.592795 |    25
  -122.50723 | 45.592368 |    21
  -122.50723 | 45.592368 |    21
  -122.50723 | 45.592368 |    21
  -122.50723 | 45.592368 |    21
  -122.50723 | 45.592368 |    21
  -122.50723 | 45.592368 |    21
 -122.506215 | 45.591892 |    18
 -122.506215 | 45.591892 |    18
 -122.506215 | 45.591892 |    18
 -122.506215 | 45.591892 |    18
 -122.506215 | 45.591892 |    18
 -122.506215 | 45.591892 |    18
 -122.505325 |  45.59145 |    16
 -122.505325 |  45.59145 |    16
 -122.505325 |  45.59145 |    16
 -122.505325 |  45.59145 |    16
 -122.505325 |  45.59145 |    16
 -122.505325 |  45.59145 |    16
 -122.504648 | 45.591197 |    11
 -122.504648 | 45.591197 |    11
 -122.504648 | 45.591197 |    11
 -122.504648 | 45.591197 |    11
 -122.504648 | 45.591197 |    11
 -122.504648 | 45.591197 |    11
 -122.504337 | 45.591142 |     4
 -122.504337 | 45.591142 |     4
 -122.504337 | 45.591142 |     4
 -122.504337 | 45.591142 |     4
 -122.504337 | 45.591142 |     4
 -122.504337 | 45.591142 |     4
 -122.504198 | 45.591133 |     0
 -122.504198 | 45.591133 |     0
 -122.504198 | 45.591133 |     0
 -122.504198 | 45.591133 |     0
 -122.504198 | 45.591133 |     0
 -122.504198 | 45.591133 |     0
 -122.503878 | 45.591187 |     5
 -122.503878 | 45.591187 |     5
 -122.503878 | 45.591187 |     5
 -122.503878 | 45.591187 |     5
 -122.503878 | 45.591187 |     5
 -122.503878 | 45.591187 |     5
 -122.503768 | 45.591493 |     7
 -122.503768 | 45.591493 |     7
 -122.503768 | 45.591493 |     7
 -122.503768 | 45.591493 |     7
 -122.503768 | 45.591493 |     7
 -122.503768 | 45.591493 |     7
  -122.50386 |  45.59196 |    10
  -122.50386 |  45.59196 |    10
  -122.50386 |  45.59196 |    10
  -122.50386 |  45.59196 |    10
  -122.50386 |  45.59196 |    10
  -122.50386 |  45.59196 |    10
 -122.503837 |  45.59251 |    12
 -122.503837 |  45.59251 |    12
 -122.503837 |  45.59251 |    12
 -122.503837 |  45.59251 |    12
 -122.503837 |  45.59251 |    12
 -122.503837 |  45.59251 |    12
 -122.503848 |   45.5931 |    13
 -122.503848 |   45.5931 |    13
 -122.503848 |   45.5931 |    13
 -122.503848 |   45.5931 |    13
 -122.503848 |   45.5931 |    13
 -122.503848 |   45.5931 |    13
 -122.503885 | 45.593685 |    12
 -122.503885 | 45.593685 |    12
 -122.503885 | 45.593685 |    12
 -122.503885 | 45.593685 |    12
 -122.503885 | 45.593685 |    12
 -122.503885 | 45.593685 |    12
 -122.503908 | 45.594078 |     8
 -122.503908 | 45.594078 |     8
 -122.503908 | 45.594078 |     8
 -122.503908 | 45.594078 |     8
 -122.503908 | 45.594078 |     8
 -122.503908 | 45.594078 |     8
 -122.503923 |   45.5942 |     0
 -122.503923 |   45.5942 |     0
 -122.503923 |   45.5942 |     0
 -122.503923 |   45.5942 |     0
 -122.503923 |   45.5942 |     0
 -122.503923 |   45.5942 |     0
 -122.504242 |  45.59427 |     5
 -122.504242 |  45.59427 |     5
 -122.504242 |  45.59427 |     5
 -122.504242 |  45.59427 |     5
 -122.504242 |  45.59427 |     5
 -122.504242 |  45.59427 |     5
  -122.50469 | 45.594158 |     7
  -122.50469 | 45.594158 |     7
  -122.50469 | 45.594158 |     7
  -122.50469 | 45.594158 |     7
  -122.50469 | 45.594158 |     7
  -122.50469 | 45.594158 |     7
 -122.505168 |  45.59426 |     7
 -122.505168 |  45.59426 |     7
 -122.505168 |  45.59426 |     7
 -122.505168 |  45.59426 |     7
 -122.505168 |  45.59426 |     7
 -122.505168 |  45.59426 |     7
 -122.505565 | 45.594438 |     7
 -122.505565 | 45.594438 |     7
 -122.505565 | 45.594438 |     7
 -122.505565 | 45.594438 |     7
 -122.505565 | 45.594438 |     7
 -122.505565 | 45.594438 |     7
 -122.505827 | 45.594582 |     4
 -122.505827 | 45.594582 |     4
 -122.505827 | 45.594582 |     4
 -122.505827 | 45.594582 |     4
 -122.505827 | 45.594582 |     4
 -122.505827 | 45.594582 |     4
 -122.505853 | 45.594593 |     0
 -122.505853 | 45.594593 |     0
 -122.505853 | 45.594593 |     0
 -122.505853 | 45.594593 |     0
 -122.505853 | 45.594593 |     0
 -122.505853 | 45.594593 |     0
 -122.505217 | 45.594523 |     0
 -122.505217 | 45.594523 |     0
 -122.505217 | 45.594523 |     0
 -122.505217 | 45.594523 |     0
 -122.505217 | 45.594523 |     0
 -122.505217 | 45.594523 |     0
  -122.56444 | 45.558805 |     0
  -122.56444 | 45.558805 |     0
  -122.56444 | 45.558805 |     0
  -122.56444 | 45.558805 |     0
  -122.56444 | 45.558805 |     0
  -122.56444 | 45.558805 |     0
 -122.564267 | 45.558773 |     2
 -122.564267 | 45.558773 |     2
 -122.564267 | 45.558773 |     2
 -122.564267 | 45.558773 |     2
 -122.564267 | 45.558773 |     2
 -122.564267 | 45.558773 |     2
 -122.564192 | 45.558657 |     2
 -122.564192 | 45.558657 |     2
 -122.564192 | 45.558657 |     2
 -122.564192 | 45.558657 |     2
 -122.564192 | 45.558657 |     2
 -122.564192 | 45.558657 |     2
 -122.564137 | 45.558558 |     2
 -122.564137 | 45.558558 |     2
 -122.564137 | 45.558558 |     2
 -122.564137 | 45.558558 |     2
 -122.564137 | 45.558558 |     2
 -122.564137 | 45.558558 |     2
 -122.564115 | 45.558532 |     0
 -122.564115 | 45.558532 |     0
 -122.564115 | 45.558532 |     0
 -122.564115 | 45.558532 |     0
 -122.564115 | 45.558532 |     0
 -122.564115 | 45.558532 |     0
   -122.5641 | 45.558512 |     0
   -122.5641 | 45.558512 |     0
   -122.5641 | 45.558512 |     0
   -122.5641 | 45.558512 |     0
   -122.5641 | 45.558512 |     0
   -122.5641 | 45.558512 |     0
 -122.563902 |  45.55839 |     3
 -122.563902 |  45.55839 |     3
 -122.563902 |  45.55839 |     3
 -122.563902 |  45.55839 |     3
 -122.563902 |  45.55839 |     3
 -122.563902 |  45.55839 |     3
   -122.5634 | 45.558532 |     9
   -122.5634 | 45.558532 |     9
   -122.5634 | 45.558532 |     9
   -122.5634 | 45.558532 |     9
   -122.5634 | 45.558532 |     9
   -122.5634 | 45.558532 |     9
 -122.562787 | 45.558772 |    10
 -122.562787 | 45.558772 |    10
 -122.562787 | 45.558772 |    10
 -122.562787 | 45.558772 |    10
 -122.562787 | 45.558772 |    10
 -122.562787 | 45.558772 |    10
 -122.562195 | 45.559002 |    10
 -122.562195 | 45.559002 |    10
 -122.562195 | 45.559002 |    10
 -122.562195 | 45.559002 |    10
 -122.562195 | 45.559002 |    10
 -122.562195 | 45.559002 |    10
 -122.561787 | 45.559253 |     8
 -122.561787 | 45.559253 |     8
 -122.561787 | 45.559253 |     8
 -122.561787 | 45.559253 |     8
 -122.561787 | 45.559253 |     8
 -122.561787 | 45.559253 |     8
 -122.561587 | 45.559485 |     5
 -122.561587 | 45.559485 |     5
 -122.561587 | 45.559485 |     5
 -122.561587 | 45.559485 |     5
 -122.561587 | 45.559485 |     5
 -122.561587 | 45.559485 |     5
 -122.561523 |  45.55956 |     1
 -122.561523 |  45.55956 |     1
 -122.561523 |  45.55956 |     1
 -122.561523 |  45.55956 |     1
 -122.561523 |  45.55956 |     1
 -122.561523 |  45.55956 |     1
 -122.561488 |  45.55959 |     0
 -122.561488 |  45.55959 |     0
 -122.561488 |  45.55959 |     0
 -122.561488 |  45.55959 |     0
 -122.561488 |  45.55959 |     0
 -122.561488 |  45.55959 |     0
 -122.561283 | 45.559808 |     6
 -122.561283 | 45.559808 |     6
 -122.561283 | 45.559808 |     6
 -122.561283 | 45.559808 |     6
 -122.561283 | 45.559808 |     6
 -122.561283 | 45.559808 |     6
 -122.560982 | 45.560202 |    10
 -122.560982 | 45.560202 |    10
 -122.560982 | 45.560202 |    10
 -122.560982 | 45.560202 |    10
 -122.560982 | 45.560202 |    10
 -122.560982 | 45.560202 |    10
 -122.560882 | 45.560797 |    13
 -122.560882 | 45.560797 |    13
 -122.560882 | 45.560797 |    13
 -122.560882 | 45.560797 |    13
 -122.560882 | 45.560797 |    13
 -122.560882 | 45.560797 |    13
 -122.560857 |  45.56143 |    14
 -122.560857 |  45.56143 |    14
 -122.560857 |  45.56143 |    14
 -122.560857 |  45.56143 |    14
 -122.560857 |  45.56143 |    14
 -122.560857 |  45.56143 |    14
 -122.560748 | 45.561958 |    11
 -122.560748 | 45.561958 |    11
 -122.560748 | 45.561958 |    11
 -122.560748 | 45.561958 |    11
 -122.560748 | 45.561958 |    11
 -122.560748 | 45.561958 |    11
  -122.56059 | 45.562265 |     6
  -122.56059 | 45.562265 |     6
  -122.56059 | 45.562265 |     6
  -122.56059 | 45.562265 |     6
  -122.56059 | 45.562265 |     6
  -122.56059 | 45.562265 |     6
 -122.560282 | 45.562628 |     9
 -122.560282 | 45.562628 |     9
 -122.560282 | 45.562628 |     9
 -122.560282 | 45.562628 |     9
 -122.560282 | 45.562628 |     9
 -122.560282 | 45.562628 |     9
  -122.55981 |  45.56303 |    11
  -122.55981 |  45.56303 |    11
  -122.55981 |  45.56303 |    11
  -122.55981 |  45.56303 |    11
  -122.55981 |  45.56303 |    11
  -122.55981 |  45.56303 |    11
 -122.559315 | 45.563432 |    11
 -122.559315 | 45.563432 |    11
 -122.559315 | 45.563432 |    11
 -122.559315 | 45.563432 |    11
 -122.559315 | 45.563432 |    11
 -122.559315 | 45.563432 |    11
 -122.558838 | 45.563813 |    11
 -122.558838 | 45.563813 |    11
 -122.558838 | 45.563813 |    11
 -122.558838 | 45.563813 |    11
 -122.558838 | 45.563813 |    11
 -122.558838 | 45.563813 |    11
 -122.558365 | 45.564177 |     9
 -122.558365 | 45.564177 |     9
 -122.558365 | 45.564177 |     9
 -122.558365 | 45.564177 |     9
 -122.558365 | 45.564177 |     9
 -122.558365 | 45.564177 |     9
 -122.557913 | 45.564532 |    11
 -122.557913 | 45.564532 |    11
 -122.557913 | 45.564532 |    11
 -122.557913 | 45.564532 |    11
 -122.557913 | 45.564532 |    11
 -122.557913 | 45.564532 |    11
 -122.557477 | 45.564892 |     9
 -122.557477 | 45.564892 |     9
 -122.557477 | 45.564892 |     9
 -122.557477 | 45.564892 |     9
 -122.557477 | 45.564892 |     9
 -122.557477 | 45.564892 |     9
 -122.556975 | 45.565272 |    11
 -122.556975 | 45.565272 |    11
 -122.556975 | 45.565272 |    11
 -122.556975 | 45.565272 |    11
 -122.556975 | 45.565272 |    11
 -122.556975 | 45.565272 |    11
 -122.556418 | 45.565692 |    12
 -122.556418 | 45.565692 |    12
 -122.556418 | 45.565692 |    12
 -122.556418 | 45.565692 |    12
 -122.556418 | 45.565692 |    12
 -122.556418 | 45.565692 |    12
 -122.555818 | 45.566145 |    13
 -122.555818 | 45.566145 |    13
 -122.555818 | 45.566145 |    13
 -122.555818 | 45.566145 |    13
 -122.555818 | 45.566145 |    13
 -122.555818 | 45.566145 |    13
 -122.555218 |   45.5666 |    13
 -122.555218 |   45.5666 |    13
 -122.555218 |   45.5666 |    13
 -122.555218 |   45.5666 |    13
 -122.555218 |   45.5666 |    13
 -122.555218 |   45.5666 |    13
 -122.554605 |  45.56706 |    14
 -122.554605 |  45.56706 |    14
 -122.554605 |  45.56706 |    14
 -122.554605 |  45.56706 |    14
 -122.554605 |  45.56706 |    14
 -122.554605 |  45.56706 |    14
 -122.553965 | 45.567542 |    14
 -122.553965 | 45.567542 |    14
 -122.553965 | 45.567542 |    14
 -122.553965 | 45.567542 |    14
 -122.553965 | 45.567542 |    14
 -122.553965 | 45.567542 |    14
   -122.5533 | 45.568043 |    15
   -122.5533 | 45.568043 |    15
   -122.5533 | 45.568043 |    15
   -122.5533 | 45.568043 |    15
   -122.5533 | 45.568043 |    15
   -122.5533 | 45.568043 |    15
 -122.552593 | 45.568577 |    16
 -122.552593 | 45.568577 |    16
 -122.552593 | 45.568577 |    16
 -122.552593 | 45.568577 |    16
 -122.552593 | 45.568577 |    16
 -122.552593 | 45.568577 |    16
 -122.551913 | 45.569093 |    15
 -122.551913 | 45.569093 |    15
 -122.551913 | 45.569093 |    15
 -122.551913 | 45.569093 |    15
 -122.551913 | 45.569093 |    15
 -122.551913 | 45.569093 |    15
 -122.551245 |   45.5696 |    15
 -122.551245 |   45.5696 |    15
 -122.551245 |   45.5696 |    15
 -122.551245 |   45.5696 |    15
 -122.551245 |   45.5696 |    15
 -122.551245 |   45.5696 |    15
 -122.550617 |  45.57008 |    14
 -122.550617 |  45.57008 |    14
 -122.550617 |  45.57008 |    14
 -122.550617 |  45.57008 |    14
 -122.550617 |  45.57008 |    14
 -122.550617 |  45.57008 |    14
 -122.550037 | 45.570533 |    13
 -122.550037 | 45.570533 |    13
 -122.550037 | 45.570533 |    13
 -122.550037 | 45.570533 |    13
 -122.550037 | 45.570533 |    13
 -122.550037 | 45.570533 |    13
 -122.549507 | 45.570955 |    12
 -122.549507 | 45.570955 |    12
 -122.549507 | 45.570955 |    12
 -122.549507 | 45.570955 |    12
 -122.549507 | 45.570955 |    12
 -122.549507 | 45.570955 |    12
 -122.549117 | 45.571278 |     9
 -122.549117 | 45.571278 |     9
 -122.549117 | 45.571278 |     9
 -122.549117 | 45.571278 |     9
 -122.549117 | 45.571278 |     9
 -122.549117 | 45.571278 |     9
 -122.548845 | 45.571513 |     6
 -122.548845 | 45.571513 |     6
 -122.548845 | 45.571513 |     6
 -122.548845 | 45.571513 |     6
 -122.548845 | 45.571513 |     6
 -122.548845 | 45.571513 |     6
  -122.54872 | 45.571625 |     3
  -122.54872 | 45.571625 |     3
  -122.54872 | 45.571625 |     3
  -122.54872 | 45.571625 |     3
  -122.54872 | 45.571625 |     3
  -122.54872 | 45.571625 |     3
 -122.548585 | 45.571743 |     3
 -122.548585 | 45.571743 |     3
 -122.548585 | 45.571743 |     3
 -122.548585 | 45.571743 |     3
 -122.548585 | 45.571743 |     3
 -122.548585 | 45.571743 |     3
 -122.548383 |  45.57192 |     5
 -122.548383 |  45.57192 |     5
 -122.548383 |  45.57192 |     5
 -122.548383 |  45.57192 |     5
 -122.548383 |  45.57192 |     5
 -122.548383 |  45.57192 |     5
 -122.548137 | 45.572143 |     6
 -122.548137 | 45.572143 |     6
 -122.548137 | 45.572143 |     6
 -122.548137 | 45.572143 |     6
 -122.548137 | 45.572143 |     6
 -122.548137 | 45.572143 |     6
  -122.54783 | 45.572432 |     8
  -122.54783 | 45.572432 |     8
  -122.54783 | 45.572432 |     8
  -122.54783 | 45.572432 |     8
  -122.54783 | 45.572432 |     8
  -122.54783 | 45.572432 |     8
 -122.547503 | 45.572755 |     8
 -122.547503 | 45.572755 |     8
 -122.547503 | 45.572755 |     8
 -122.547503 | 45.572755 |     8
 -122.547503 | 45.572755 |     8
 -122.547503 | 45.572755 |     8
 -122.547198 | 45.573075 |     8
 -122.547198 | 45.573075 |     8
 -122.547198 | 45.573075 |     8
 -122.547198 | 45.573075 |     8
 -122.547198 | 45.573075 |     8
 -122.547198 | 45.573075 |     8
 -122.546908 | 45.573393 |     8
 -122.546908 | 45.573393 |     8
 -122.546908 | 45.573393 |     8
 -122.546908 | 45.573393 |     8
 -122.546908 | 45.573393 |     8
 -122.546908 | 45.573393 |     8
 -122.546623 | 45.573728 |     8
 -122.546623 | 45.573728 |     8
 -122.546623 | 45.573728 |     8
 -122.546623 | 45.573728 |     8
 -122.546623 | 45.573728 |     8
 -122.546623 | 45.573728 |     8
 -122.546322 | 45.574102 |     9
 -122.546322 | 45.574102 |     9
 -122.546322 | 45.574102 |     9
 -122.546322 | 45.574102 |     9
 -122.546322 | 45.574102 |     9
 -122.546322 | 45.574102 |     9
  -122.54605 |  45.57447 |     9
  -122.54605 |  45.57447 |     9
  -122.54605 |  45.57447 |     9
  -122.54605 |  45.57447 |     9
  -122.54605 |  45.57447 |     9
  -122.54605 |  45.57447 |     9
 -122.545775 | 45.574865 |     9
 -122.545775 | 45.574865 |     9
 -122.545775 | 45.574865 |     9
 -122.545775 | 45.574865 |     9
 -122.545775 | 45.574865 |     9
 -122.545775 | 45.574865 |     9
 -122.545508 | 45.575268 |     9
 -122.545508 | 45.575268 |     9
 -122.545508 | 45.575268 |     9
 -122.545508 | 45.575268 |     9
 -122.545508 | 45.575268 |     9
 -122.545508 | 45.575268 |     9
 -122.545275 | 45.575648 |     9
 -122.545275 | 45.575648 |     9
 -122.545275 | 45.575648 |     9
 -122.545275 | 45.575648 |     9
 -122.545275 | 45.575648 |     9
 -122.545275 | 45.575648 |     9
 -122.545097 | 45.575958 |     7
 -122.545097 | 45.575958 |     7
 -122.545097 | 45.575958 |     7
 -122.545097 | 45.575958 |     7
 -122.545097 | 45.575958 |     7
 -122.545097 | 45.575958 |     7
 -122.544923 |  45.57627 |     7
 -122.544923 |  45.57627 |     7
 -122.544923 |  45.57627 |     7
 -122.544923 |  45.57627 |     7
 -122.544923 |  45.57627 |     7
 -122.544923 |  45.57627 |     7
 -122.544765 | 45.576575 |     7
 -122.544765 | 45.576575 |     7
 -122.544765 | 45.576575 |     7
 -122.544765 | 45.576575 |     7
 -122.544765 | 45.576575 |     7
 -122.544765 | 45.576575 |     7
 -122.544622 | 45.576875 |     6
 -122.544622 | 45.576875 |     6
 -122.544622 | 45.576875 |     6
 -122.544622 | 45.576875 |     6
 -122.544622 | 45.576875 |     6
 -122.544622 | 45.576875 |     6
 -122.544517 | 45.577107 |     5
 -122.544517 | 45.577107 |     5
 -122.544517 | 45.577107 |     5
 -122.544517 | 45.577107 |     5
 -122.544517 | 45.577107 |     5
 -122.544517 | 45.577107 |     5
 -122.544415 | 45.577342 |     5
 -122.544415 | 45.577342 |     5
 -122.544415 | 45.577342 |     5
 -122.544415 | 45.577342 |     5
 -122.544415 | 45.577342 |     5
 -122.544415 | 45.577342 |     5
 -122.544318 | 45.577575 |     5
 -122.544318 | 45.577575 |     5
 -122.544318 | 45.577575 |     5
 -122.544318 | 45.577575 |     5
 -122.544318 | 45.577575 |     5
 -122.544318 | 45.577575 |     5
 -122.544228 | 45.577808 |     5
 -122.544228 | 45.577808 |     5
 -122.544228 | 45.577808 |     5
 -122.544228 | 45.577808 |     5
 -122.544228 | 45.577808 |     5
 -122.544228 | 45.577808 |     5
 -122.544122 |   45.5781 |     6
 -122.544122 |   45.5781 |     6
 -122.544122 |   45.5781 |     6
 -122.544122 |   45.5781 |     6
 -122.544122 |   45.5781 |     6
 -122.544122 |   45.5781 |     6
 -122.544047 | 45.578327 |     4
 -122.544047 | 45.578327 |     4
 -122.544047 | 45.578327 |     4
 -122.544047 | 45.578327 |     4
 -122.544047 | 45.578327 |     4
 -122.544047 | 45.578327 |     4
 -122.543993 | 45.578493 |     4
 -122.543993 | 45.578493 |     4
 -122.543993 | 45.578493 |     4
 -122.543993 | 45.578493 |     4
 -122.543993 | 45.578493 |     4
 -122.543993 | 45.578493 |     4
  -122.54391 | 45.578775 |     6
  -122.54391 | 45.578775 |     6
  -122.54391 | 45.578775 |     6
  -122.54391 | 45.578775 |     6
  -122.54391 | 45.578775 |     6
  -122.54391 | 45.578775 |     6
 -122.543818 | 45.579138 |     8
 -122.543818 | 45.579138 |     8
 -122.543818 | 45.579138 |     8
 -122.543818 | 45.579138 |     8
 -122.543818 | 45.579138 |     8
 -122.543818 | 45.579138 |     8
 -122.543745 | 45.579478 |     7
 -122.543745 | 45.579478 |     7
 -122.543745 | 45.579478 |     7
 -122.543745 | 45.579478 |     7
 -122.543745 | 45.579478 |     7
 -122.543745 | 45.579478 |     7
 -122.543682 |  45.57981 |     7
 -122.543682 |  45.57981 |     7
 -122.543682 |  45.57981 |     7
 -122.543682 |  45.57981 |     7
 -122.543682 |  45.57981 |     7
 -122.543682 |  45.57981 |     7
 -122.543632 | 45.580123 |     7
 -122.543632 | 45.580123 |     7
 -122.543632 | 45.580123 |     7
 -122.543632 | 45.580123 |     7
 -122.543632 | 45.580123 |     7
 -122.543632 | 45.580123 |     7
 -122.543587 |  45.58047 |     7
 -122.543587 |  45.58047 |     7
 -122.543587 |  45.58047 |     7
 -122.543587 |  45.58047 |     7
 -122.543587 |  45.58047 |     7
 -122.543587 |  45.58047 |     7
 -122.543547 | 45.580852 |     8
 -122.543547 | 45.580852 |     8
 -122.543547 | 45.580852 |     8
 -122.543547 | 45.580852 |     8
 -122.543547 | 45.580852 |     8
 -122.543547 | 45.580852 |     8
  -122.54352 |  45.58127 |     9
  -122.54352 |  45.58127 |     9
  -122.54352 |  45.58127 |     9
  -122.54352 |  45.58127 |     9
  -122.54352 |  45.58127 |     9
  -122.54352 |  45.58127 |     9
 -122.543505 |  45.58169 |     9
 -122.543505 |  45.58169 |     9
 -122.543505 |  45.58169 |     9
 -122.543505 |  45.58169 |     9
 -122.543505 |  45.58169 |     9
 -122.543505 |  45.58169 |     9
 -122.543512 | 45.582103 |     9
 -122.543512 | 45.582103 |     9
 -122.543512 | 45.582103 |     9
 -122.543512 | 45.582103 |     9
 -122.543512 | 45.582103 |     9
 -122.543512 | 45.582103 |     9
 -122.543527 | 45.582512 |     9
 -122.543527 | 45.582512 |     9
 -122.543527 | 45.582512 |     9
 -122.543527 | 45.582512 |     9
 -122.543527 | 45.582512 |     9
 -122.543527 | 45.582512 |     9
  -122.54356 |  45.58293 |     9
  -122.54356 |  45.58293 |     9
  -122.54356 |  45.58293 |     9
  -122.54356 |  45.58293 |     9
  -122.54356 |  45.58293 |     9
  -122.54356 |  45.58293 |     9
 -122.543602 | 45.583293 |     8
 -122.543602 | 45.583293 |     8
 -122.543602 | 45.583293 |     8
 -122.543602 | 45.583293 |     8
 -122.543602 | 45.583293 |     8
 -122.543602 | 45.583293 |     8
 -122.543652 | 45.583643 |     7
 -122.543652 | 45.583643 |     7
 -122.543652 | 45.583643 |     7
 -122.543652 | 45.583643 |     7
 -122.543652 | 45.583643 |     7
 -122.543652 | 45.583643 |     7
 -122.543718 | 45.584008 |     8
 -122.543718 | 45.584008 |     8
 -122.543718 | 45.584008 |     8
 -122.543718 | 45.584008 |     8
 -122.543718 | 45.584008 |     8
 -122.543718 | 45.584008 |     8
   -122.5438 | 45.584397 |     8
   -122.5438 | 45.584397 |     8
   -122.5438 | 45.584397 |     8
   -122.5438 | 45.584397 |     8
   -122.5438 | 45.584397 |     8
   -122.5438 | 45.584397 |     8
 -122.543902 | 45.584803 |     9
 -122.543902 | 45.584803 |     9
 -122.543902 | 45.584803 |     9
 -122.543902 | 45.584803 |     9
 -122.543902 | 45.584803 |     9
 -122.543902 | 45.584803 |     9
 -122.544037 | 45.585275 |    10
 -122.544037 | 45.585275 |    10
 -122.544037 | 45.585275 |    10
 -122.544037 | 45.585275 |    10
 -122.544037 | 45.585275 |    10
 -122.544037 | 45.585275 |    10
 -122.544197 | 45.585752 |    10
 -122.544197 | 45.585752 |    10
 -122.544197 | 45.585752 |    10
 -122.544197 | 45.585752 |    10
 -122.544197 | 45.585752 |    10
 -122.544197 | 45.585752 |    10
 -122.544355 | 45.586172 |     9
 -122.544355 | 45.586172 |     9
 -122.544355 | 45.586172 |     9
 -122.544355 | 45.586172 |     9
 -122.544355 | 45.586172 |     9
 -122.544355 | 45.586172 |     9
  -122.54451 | 45.586537 |     8
  -122.54451 | 45.586537 |     8
  -122.54451 | 45.586537 |     8
  -122.54451 | 45.586537 |     8
  -122.54451 | 45.586537 |     8
  -122.54451 | 45.586537 |     8
 -122.544677 | 45.586898 |     8
 -122.544677 | 45.586898 |     8
 -122.544677 | 45.586898 |     8
 -122.544677 | 45.586898 |     8
 -122.544677 | 45.586898 |     8
 -122.544677 | 45.586898 |     8
  -122.54479 | 45.587138 |     5
  -122.54479 | 45.587138 |     5
  -122.54479 | 45.587138 |     5
  -122.54479 | 45.587138 |     5
  -122.54479 | 45.587138 |     5
  -122.54479 | 45.587138 |     5
 -122.544945 |  45.58743 |     7
 -122.544945 |  45.58743 |     7
 -122.544945 |  45.58743 |     7
 -122.544945 |  45.58743 |     7
 -122.544945 |  45.58743 |     7
 -122.544945 |  45.58743 |     7
 -122.545148 | 45.587795 |     8
 -122.545148 | 45.587795 |     8
 -122.545148 | 45.587795 |     8
 -122.545148 | 45.587795 |     8
 -122.545148 | 45.587795 |     8
 -122.545148 | 45.587795 |     8
 -122.545373 | 45.588188 |     9
 -122.545373 | 45.588188 |     9
 -122.545373 | 45.588188 |     9
 -122.545373 | 45.588188 |     9
 -122.545373 | 45.588188 |     9
 -122.545373 | 45.588188 |     9
 -122.545583 | 45.588548 |     8
 -122.545583 | 45.588548 |     8
 -122.545583 | 45.588548 |     8
 -122.545583 | 45.588548 |     8
 -122.545583 | 45.588548 |     8
 -122.545583 | 45.588548 |     8
 -122.545767 |  45.58885 |     7
 -122.545767 |  45.58885 |     7
 -122.545767 |  45.58885 |     7
 -122.545767 |  45.58885 |     7
 -122.545767 |  45.58885 |     7
 -122.545767 |  45.58885 |     7
  -122.54598 | 45.589193 |     8
  -122.54598 | 45.589193 |     8
  -122.54598 | 45.589193 |     8
  -122.54598 | 45.589193 |     8
  -122.54598 | 45.589193 |     8
  -122.54598 | 45.589193 |     8
 -122.546205 | 45.589557 |     8
 -122.546205 | 45.589557 |     8
 -122.546205 | 45.589557 |     8
 -122.546205 | 45.589557 |     8
 -122.546205 | 45.589557 |     8
 -122.546205 | 45.589557 |     8
 -122.546435 | 45.589923 |     8
 -122.546435 | 45.589923 |     8
 -122.546435 | 45.589923 |     8
 -122.546435 | 45.589923 |     8
 -122.546435 | 45.589923 |     8
 -122.546435 | 45.589923 |     8
 -122.546678 |  45.59031 |     9
 -122.546678 |  45.59031 |     9
 -122.546678 |  45.59031 |     9
 -122.546678 |  45.59031 |     9
 -122.546678 |  45.59031 |     9
 -122.546678 |  45.59031 |     9
    -122.547 | 45.590832 |    13
    -122.547 | 45.590832 |    13
    -122.547 | 45.590832 |    13
    -122.547 | 45.590832 |    13
    -122.547 | 45.590832 |    13
    -122.547 | 45.590832 |    13
 -122.547388 | 45.591458 |    15
 -122.547388 | 45.591458 |    15
 -122.547388 | 45.591458 |    15
 -122.547388 | 45.591458 |    15
 -122.547388 | 45.591458 |    15
 -122.547388 | 45.591458 |    15
 -122.547812 | 45.592168 |    17
 -122.547812 | 45.592168 |    17
 -122.547812 | 45.592168 |    17
 -122.547812 | 45.592168 |    17
 -122.547812 | 45.592168 |    17
 -122.547812 | 45.592168 |    17
 -122.548247 |  45.59295 |    11
 -122.548247 |  45.59295 |    11
 -122.548247 |  45.59295 |    11
 -122.548247 |  45.59295 |    11
 -122.548247 |  45.59295 |    11
 -122.548247 |  45.59295 |    11
 -122.548673 | 45.593787 |    19
 -122.548673 | 45.593787 |    19
 -122.548673 | 45.593787 |    19
 -122.548673 | 45.593787 |    19
 -122.548673 | 45.593787 |    19
 -122.548673 | 45.593787 |    19
 -122.549048 |  45.59466 |    20
 -122.549048 |  45.59466 |    20
 -122.549048 |  45.59466 |    20
 -122.549048 |  45.59466 |    20
 -122.549048 |  45.59466 |    20
 -122.549048 |  45.59466 |    20
 -122.549402 | 45.595523 |    19
 -122.549402 | 45.595523 |    19
 -122.549402 | 45.595523 |    19
 -122.549402 | 45.595523 |    19
 -122.549402 | 45.595523 |    19
 -122.549402 | 45.595523 |    19
 -122.549715 | 45.596353 |    18
 -122.549715 | 45.596353 |    18
 -122.549715 | 45.596353 |    18
 -122.549715 | 45.596353 |    18
 -122.549715 | 45.596353 |    18
 -122.549715 | 45.596353 |    18
 -122.549998 | 45.597185 |    18
 -122.549998 | 45.597185 |    18
 -122.549998 | 45.597185 |    18
 -122.549998 | 45.597185 |    18
 -122.549998 | 45.597185 |    18
 -122.549998 | 45.597185 |    18
  -122.55024 | 45.598002 |    18
  -122.55024 | 45.598002 |    18
  -122.55024 | 45.598002 |    18
  -122.55024 | 45.598002 |    18
  -122.55024 | 45.598002 |    18
  -122.55024 | 45.598002 |    18
 -122.550457 |  45.59884 |    18
 -122.550457 |  45.59884 |    18
 -122.550457 |  45.59884 |    18
 -122.550457 |  45.59884 |    18
 -122.550457 |  45.59884 |    18
 -122.550457 |  45.59884 |    18
 -122.550645 | 45.599715 |    19
 -122.550645 | 45.599715 |    19
 -122.550645 | 45.599715 |    19
 -122.550645 | 45.599715 |    19
 -122.550645 | 45.599715 |    19
 -122.550645 | 45.599715 |    19
 -122.550953 |  45.60161 |    21
 -122.550953 |  45.60161 |    21
 -122.550953 |  45.60161 |    21
 -122.550953 |  45.60161 |    21
 -122.550953 |  45.60161 |    21
 -122.550953 |  45.60161 |    21
 -122.551103 |  45.60262 |    22
 -122.551103 |  45.60262 |    22
 -122.551103 |  45.60262 |    22
 -122.551103 |  45.60262 |    22
 -122.551103 |  45.60262 |    22
 -122.551103 |  45.60262 |    22
  -122.55121 |  45.60364 |    22
  -122.55121 |  45.60364 |    22
  -122.55121 |  45.60364 |    22
  -122.55121 |  45.60364 |    22
  -122.55121 |  45.60364 |    22
  -122.55121 |  45.60364 |    22
  -122.55131 |  45.60456 |    19
  -122.55131 |  45.60456 |    19
  -122.55131 |  45.60456 |    19
  -122.55131 |  45.60456 |    19
  -122.55131 |  45.60456 |    19
  -122.55131 |  45.60456 |    19
   -122.5513 | 45.605252 |    14
   -122.5513 | 45.605252 |    14
   -122.5513 | 45.605252 |    14
   -122.5513 | 45.605252 |    14
   -122.5513 | 45.605252 |    14
   -122.5513 | 45.605252 |    14
 -122.550712 | 45.605628 |    12
 -122.550712 | 45.605628 |    12
 -122.550712 | 45.605628 |    12
 -122.550712 | 45.605628 |    12
 -122.550712 | 45.605628 |    12
 -122.550712 | 45.605628 |    12
 -122.549898 |  45.60546 |    14
 -122.549898 |  45.60546 |    14
 -122.549898 |  45.60546 |    14
 -122.549898 |  45.60546 |    14
 -122.549898 |  45.60546 |    14
 -122.549898 |  45.60546 |    14
 -122.549287 |  45.60483 |    15
 -122.549287 |  45.60483 |    15
 -122.549287 |  45.60483 |    15
 -122.549287 |  45.60483 |    15
 -122.549287 |  45.60483 |    15
 -122.549287 |  45.60483 |    15
 -122.548897 | 45.603985 |    19
 -122.548897 | 45.603985 |    19
 -122.548897 | 45.603985 |    19
 -122.548897 | 45.603985 |    19
 -122.548897 | 45.603985 |    19
 -122.548897 | 45.603985 |    19
 -122.548583 | 45.603138 |    19
 -122.548583 | 45.603138 |    19
 -122.548583 | 45.603138 |    19
 -122.548583 | 45.603138 |    19
 -122.548583 | 45.603138 |    19
 -122.548583 | 45.603138 |    19
 -122.547922 | 45.602437 |    18
 -122.547922 | 45.602437 |    18
 -122.547922 | 45.602437 |    18
 -122.547922 | 45.602437 |    18
 -122.547922 | 45.602437 |    18
 -122.547922 | 45.602437 |    18
 -122.546772 | 45.602125 |    19
 -122.546772 | 45.602125 |    19
 -122.546772 | 45.602125 |    19
 -122.546772 | 45.602125 |    19
 -122.546772 | 45.602125 |    19
 -122.546772 | 45.602125 |    19
 -122.545363 | 45.602023 |    22
 -122.545363 | 45.602023 |    22
 -122.545363 | 45.602023 |    22
 -122.545363 | 45.602023 |    22
 -122.545363 | 45.602023 |    22
 -122.545363 | 45.602023 |    22
 -122.543815 | 45.601793 |    24
 -122.543815 | 45.601793 |    24
 -122.543815 | 45.601793 |    24
 -122.543815 | 45.601793 |    24
 -122.543815 | 45.601793 |    24
 -122.543815 | 45.601793 |    24
  -122.54222 | 45.601443 |    25
  -122.54222 | 45.601443 |    25
  -122.54222 | 45.601443 |    25
  -122.54222 | 45.601443 |    25
  -122.54222 | 45.601443 |    25
  -122.54222 | 45.601443 |    25
 -122.540597 |  45.60107 |    26
 -122.540597 |  45.60107 |    26
 -122.540597 |  45.60107 |    26
 -122.540597 |  45.60107 |    26
 -122.540597 |  45.60107 |    26
 -122.540597 |  45.60107 |    26
 -122.538985 | 45.600685 |    26
 -122.538985 | 45.600685 |    26
 -122.538985 | 45.600685 |    26
 -122.538985 | 45.600685 |    26
 -122.538985 | 45.600685 |    26
 -122.538985 | 45.600685 |    26
 -122.537358 | 45.600297 |    26
 -122.537358 | 45.600297 |    26
 -122.537358 | 45.600297 |    26
 -122.537358 | 45.600297 |    26
 -122.537358 | 45.600297 |    26
 -122.537358 | 45.600297 |    26
 -122.535718 | 45.599915 |    26
 -122.535718 | 45.599915 |    26
 -122.535718 | 45.599915 |    26
 -122.535718 | 45.599915 |    26
 -122.535718 | 45.599915 |    26
 -122.535718 | 45.599915 |    26
 -122.534067 |  45.59954 |    26
 -122.534067 |  45.59954 |    26
 -122.534067 |  45.59954 |    26
 -122.534067 |  45.59954 |    26
 -122.534067 |  45.59954 |    26
 -122.534067 |  45.59954 |    26
  -122.53242 | 45.599148 |    27
  -122.53242 | 45.599148 |    27
  -122.53242 | 45.599148 |    27
  -122.53242 | 45.599148 |    27
  -122.53242 | 45.599148 |    27
  -122.53242 | 45.599148 |    27
 -122.530767 | 45.598755 |    26
 -122.530767 | 45.598755 |    26
 -122.530767 | 45.598755 |    26
 -122.530767 | 45.598755 |    26
 -122.530767 | 45.598755 |    26
 -122.530767 | 45.598755 |    26
 -122.529113 | 45.598367 |    27
 -122.529113 | 45.598367 |    27
 -122.529113 | 45.598367 |    27
 -122.529113 | 45.598367 |    27
 -122.529113 | 45.598367 |    27
 -122.529113 | 45.598367 |    27
 -122.527435 | 45.597992 |    27
 -122.527435 | 45.597992 |    27
 -122.527435 | 45.597992 |    27
 -122.527435 | 45.597992 |    27
 -122.527435 | 45.597992 |    27
 -122.527435 | 45.597992 |    27
  -122.52575 | 45.597592 |    27
  -122.52575 | 45.597592 |    27
  -122.52575 | 45.597592 |    27
  -122.52575 | 45.597592 |    27
  -122.52575 | 45.597592 |    27
  -122.52575 | 45.597592 |    27
  -122.52406 | 45.597172 |    27
  -122.52406 | 45.597172 |    27
  -122.52406 | 45.597172 |    27
  -122.52406 | 45.597172 |    27
  -122.52406 | 45.597172 |    27
  -122.52406 | 45.597172 |    27
 -122.522375 | 45.596715 |    27
 -122.522375 | 45.596715 |    27
 -122.522375 | 45.596715 |    27
 -122.522375 | 45.596715 |    27
 -122.522375 | 45.596715 |    27
 -122.522375 | 45.596715 |    27
 -122.520687 | 45.596253 |    28
 -122.520687 | 45.596253 |    28
 -122.520687 | 45.596253 |    28
 -122.520687 | 45.596253 |    28
 -122.520687 | 45.596253 |    28
 -122.520687 | 45.596253 |    28
 -122.518997 | 45.595793 |    28
 -122.518997 | 45.595793 |    28
 -122.518997 | 45.595793 |    28
 -122.518997 | 45.595793 |    28
 -122.518997 | 45.595793 |    28
 -122.518997 | 45.595793 |    28
 -122.517302 |  45.59533 |    28
 -122.517302 |  45.59533 |    28
 -122.517302 |  45.59533 |    28
 -122.517302 |  45.59533 |    28
 -122.517302 |  45.59533 |    28
 -122.517302 |  45.59533 |    28
 -122.515603 | 45.594865 |    28
 -122.515603 | 45.594865 |    28
 -122.515603 | 45.594865 |    28
 -122.515603 | 45.594865 |    28
 -122.515603 | 45.594865 |    28
 -122.515603 | 45.594865 |    28
 -122.513917 | 45.594403 |    27
 -122.513917 | 45.594403 |    27
 -122.513917 | 45.594403 |    27
 -122.513917 | 45.594403 |    27
 -122.513917 | 45.594403 |    27
 -122.513917 | 45.594403 |    27
 -122.512248 | 45.593947 |    27
 -122.512248 | 45.593947 |    27
 -122.512248 | 45.593947 |    27
 -122.512248 | 45.593947 |    27
 -122.512248 | 45.593947 |    27
 -122.512248 | 45.593947 |    27
 -122.510625 | 45.593463 |    27
 -122.510625 | 45.593463 |    27
 -122.510625 | 45.593463 |    27
 -122.510625 | 45.593463 |    27
 -122.510625 | 45.593463 |    27
 -122.510625 | 45.593463 |    27
 -122.509065 | 45.592975 |    26
 -122.509065 | 45.592975 |    26
 -122.509065 | 45.592975 |    26
 -122.509065 | 45.592975 |    26
 -122.509065 | 45.592975 |    26
 -122.509065 | 45.592975 |    26
 -122.507603 | 45.592513 |    24
 -122.507603 | 45.592513 |    24
 -122.507603 | 45.592513 |    24
 -122.507603 | 45.592513 |    24
 -122.507603 | 45.592513 |    24
 -122.507603 | 45.592513 |    24
 -122.506397 |  45.59199 |    21
 -122.506397 |  45.59199 |    21
 -122.506397 |  45.59199 |    21
 -122.506397 |  45.59199 |    21
 -122.506397 |  45.59199 |    21
 -122.506397 |  45.59199 |    21
 -122.505398 |  45.59149 |    18
 -122.505398 |  45.59149 |    18
 -122.505398 |  45.59149 |    18
 -122.505398 |  45.59149 |    18
 -122.505398 |  45.59149 |    18
 -122.505398 |  45.59149 |    18
 -122.504533 | 45.591177 |    14
 -122.504533 | 45.591177 |    14
 -122.504533 | 45.591177 |    14
 -122.504533 | 45.591177 |    14
 -122.504533 | 45.591177 |    14
 -122.504533 | 45.591177 |    14
  -122.50402 | 45.591138 |     7
  -122.50402 | 45.591138 |     7
  -122.50402 | 45.591138 |     7
  -122.50402 | 45.591138 |     7
  -122.50402 | 45.591138 |     7
  -122.50402 | 45.591138 |     7
 -122.503745 | 45.591333 |     6
 -122.503745 | 45.591333 |     6
 -122.503745 | 45.591333 |     6
 -122.503745 | 45.591333 |     6
 -122.503745 | 45.591333 |     6
 -122.503745 | 45.591333 |     6
  -122.50378 | 45.591752 |     9
  -122.50378 | 45.591752 |     9
  -122.50378 | 45.591752 |     9
  -122.50378 | 45.591752 |     9
  -122.50378 | 45.591752 |     9
  -122.50378 | 45.591752 |     9
 -122.503783 | 45.592272 |    11
 -122.503783 | 45.592272 |    11
 -122.503783 | 45.592272 |    11
 -122.503783 | 45.592272 |    11
 -122.503783 | 45.592272 |    11
 -122.503783 | 45.592272 |    11
   -122.5038 | 45.592825 |    12
   -122.5038 | 45.592825 |    12
   -122.5038 | 45.592825 |    12
   -122.5038 | 45.592825 |    12
   -122.5038 | 45.592825 |    12
   -122.5038 | 45.592825 |    12
 -122.503818 | 45.593402 |    12
 -122.503818 | 45.593402 |    12
 -122.503818 | 45.593402 |    12
 -122.503818 | 45.593402 |    12
 -122.503818 | 45.593402 |    12
 -122.503818 | 45.593402 |    12
 -122.503875 | 45.593887 |    10
 -122.503875 | 45.593887 |    10
 -122.503875 | 45.593887 |    10
 -122.503875 | 45.593887 |    10
 -122.503875 | 45.593887 |    10
 -122.503875 | 45.593887 |    10
 -122.503882 | 45.594122 |     4
 -122.503882 | 45.594122 |     4
 -122.503882 | 45.594122 |     4
 -122.503882 | 45.594122 |     4
 -122.503882 | 45.594122 |     4
 -122.503882 | 45.594122 |     4
 -122.503882 | 45.594145 |     0
 -122.503882 | 45.594145 |     0
 -122.503882 | 45.594145 |     0
 -122.503882 | 45.594145 |     0
 -122.503882 | 45.594145 |     0
 -122.503882 | 45.594145 |     0
 -122.504118 | 45.594277 |     4
 -122.504118 | 45.594277 |     4
 -122.504118 | 45.594277 |     4
 -122.504118 | 45.594277 |     4
 -122.504118 | 45.594277 |     4
 -122.504118 | 45.594277 |     4
 -122.504563 | 45.594147 |     6
 -122.504563 | 45.594147 |     6
 -122.504563 | 45.594147 |     6
 -122.504563 | 45.594147 |     6
 -122.504563 | 45.594147 |     6
 -122.504563 | 45.594147 |     6
 -122.505017 | 45.594147 |     5
 -122.505017 | 45.594147 |     5
 -122.505017 | 45.594147 |     5
 -122.505017 | 45.594147 |     5
 -122.505017 | 45.594147 |     5
 -122.505017 | 45.594147 |     5
 -122.505322 | 45.594273 |     5
 -122.505322 | 45.594273 |     5
 -122.505322 | 45.594273 |     5
 -122.505322 | 45.594273 |     5
 -122.505322 | 45.594273 |     5
 -122.505322 | 45.594273 |     5
  -122.50562 | 45.594408 |     5
  -122.50562 | 45.594408 |     5
  -122.50562 | 45.594408 |     5
  -122.50562 | 45.594408 |     5
  -122.50562 | 45.594408 |     5
  -122.50562 | 45.594408 |     5
 -122.505833 | 45.594545 |     4
 -122.505833 | 45.594545 |     4
 -122.505833 | 45.594545 |     4
 -122.505833 | 45.594545 |     4
 -122.505833 | 45.594545 |     4
 -122.505833 | 45.594545 |     4
  -122.50586 | 45.594563 |     0
  -122.50586 | 45.594563 |     0
  -122.50586 | 45.594563 |     0
  -122.50586 | 45.594563 |     0
  -122.50586 | 45.594563 |     0
  -122.50586 | 45.594563 |     0
 -122.505415 | 45.594645 |     2
 -122.505415 | 45.594645 |     2
 -122.505415 | 45.594645 |     2
 -122.505415 | 45.594645 |     2
 -122.505415 | 45.594645 |     2
 -122.505415 | 45.594645 |     2
 -122.505233 | 45.594523 |     3
 -122.505233 | 45.594523 |     3
 -122.505233 | 45.594523 |     3
 -122.505233 | 45.594523 |     3
 -122.505233 | 45.594523 |     3
 -122.505233 | 45.594523 |     3
 -122.505222 |  45.59452 |     0
 -122.505222 |  45.59452 |     0
 -122.505222 |  45.59452 |     0
 -122.505222 |  45.59452 |     0
 -122.505222 |  45.59452 |     0
 -122.505222 |  45.59452 |     0
 -122.505222 |  45.59452 |     0
 -122.505222 |  45.59452 |     0
 -122.505222 |  45.59452 |     0
 -122.505222 |  45.59452 |     0
 -122.505222 |  45.59452 |     0
 -122.505222 |  45.59452 |     0
 -122.564357 | 45.558788 |     0
 -122.564357 | 45.558788 |     0
 -122.564357 | 45.558788 |     0
 -122.564357 | 45.558788 |     0
 -122.564357 | 45.558788 |     0
 -122.564357 | 45.558788 |     0
 -122.564205 | 45.558668 |     3
 -122.564205 | 45.558668 |     3
 -122.564205 | 45.558668 |     3
 -122.564205 | 45.558668 |     3
 -122.564205 | 45.558668 |     3
 -122.564205 | 45.558668 |     3
 -122.564148 | 45.558532 |     3
 -122.564148 | 45.558532 |     3
 -122.564148 | 45.558532 |     3
 -122.564148 | 45.558532 |     3
 -122.564148 | 45.558532 |     3
 -122.564148 | 45.558532 |     3
 -122.564093 | 45.558477 |     0
 -122.564093 | 45.558477 |     0
 -122.564093 | 45.558477 |     0
 -122.564093 | 45.558477 |     0
 -122.564093 | 45.558477 |     0
 -122.564093 | 45.558477 |     0
 -122.563823 | 45.558378 |     4
 -122.563823 | 45.558378 |     4
 -122.563823 | 45.558378 |     4
 -122.563823 | 45.558378 |     4
 -122.563823 | 45.558378 |     4
 -122.563823 | 45.558378 |     4
  -122.56339 | 45.558513 |     7
  -122.56339 | 45.558513 |     7
  -122.56339 | 45.558513 |     7
  -122.56339 | 45.558513 |     7
  -122.56339 | 45.558513 |     7
  -122.56339 | 45.558513 |     7
 -122.562772 | 45.558753 |    10
 -122.562772 | 45.558753 |    10
 -122.562772 | 45.558753 |    10
 -122.562772 | 45.558753 |    10
 -122.562772 | 45.558753 |    10
 -122.562772 | 45.558753 |    10
 -122.562157 | 45.558992 |    10
 -122.562157 | 45.558992 |    10
 -122.562157 | 45.558992 |    10
 -122.562157 | 45.558992 |    10
 -122.562157 | 45.558992 |    10
 -122.562157 | 45.558992 |    10
  -122.56177 | 45.559248 |     7
  -122.56177 | 45.559248 |     7
  -122.56177 | 45.559248 |     7
  -122.56177 | 45.559248 |     7
  -122.56177 | 45.559248 |     7
  -122.56177 | 45.559248 |     7
  -122.56157 | 45.559483 |     5
  -122.56157 | 45.559483 |     5
  -122.56157 | 45.559483 |     5
  -122.56157 | 45.559483 |     5
  -122.56157 | 45.559483 |     5
  -122.56157 | 45.559483 |     5
