  longitude  | latitude  | speed 
-------------+-----------+-------
 -122.552475 | 45.678395 |    14
 -122.548128 | 45.750777 |    19
 -122.547703 | 45.751588 |    19
 -122.547408 | 45.752418 |    19
  -122.54724 | 45.753265 |    19
 -122.547187 |  45.75411 |    18
 -122.547197 | 45.754967 |    19
 -122.547203 | 45.755817 |    18
  -122.54721 | 45.756667 |    18
  -122.54722 | 45.757525 |    19
  -122.54722 | 45.758352 |    18
 -122.547223 | 45.759143 |    17
 -122.547242 | 45.759973 |    18
 -122.547248 | 45.760828 |    19
 -122.547255 | 45.761688 |    19
 -122.547265 | 45.762542 |    18
 -122.547267 | 45.763393 |    18
 -122.547278 | 45.764235 |    18
 -122.547282 | 45.765082 |    18
 -122.547285 | 45.765938 |    19
  -122.54729 | 45.766792 |    18
 -122.547288 | 45.767653 |    19
 -122.547293 | 45.768505 |    18
 -122.547303 | 45.769355 |    18
 -122.547313 | 45.770208 |    18
 -122.547328 | 45.771053 |    18
  -122.54734 | 45.771885 |    18
 -122.547368 | 45.772708 |    18
 -122.547385 | 45.773532 |    18
 -122.547397 | 45.774355 |    18
  -122.54741 | 45.775168 |    17
 -122.547418 |  45.77597 |    17
  -122.54743 |   45.7768 |    18
  -122.54744 | 45.777647 |    18
 -122.547453 | 45.778465 |    18
  -122.54746 | 45.779225 |    16
 -122.547423 | 45.779915 |    15
 -122.547432 | 45.780428 |    10
 -122.547432 | 45.780547 |     2
 -122.547342 | 45.780677 |     3
 -122.546958 | 45.780683 |     7
 -122.546462 | 45.780682 |     7
  -122.54609 | 45.780677 |     5
 -122.545967 | 45.780675 |     1
 -122.545553 | 45.780693 |     0
 -122.544938 | 45.780703 |     9
 -122.544292 | 45.780708 |    10
 -122.543655 | 45.780717 |     9
 -122.543005 | 45.780725 |    10
 -122.542343 | 45.780735 |    10
 -122.541692 | 45.780745 |    10
  -122.54105 | 45.780755 |    10
 -122.540427 |  45.78076 |     9
  -122.53967 |  45.78078 |     9
 -122.538888 | 45.780813 |    10
  -122.53826 | 45.780837 |     9
 -122.537735 | 45.780847 |     7
 -122.537458 |  45.78085 |     4
 -122.536973 | 45.780847 |     7
 -122.536363 | 45.780842 |     9
 -122.535732 | 45.780848 |     9
 -122.535105 | 45.780858 |     9
 -122.534482 | 45.780885 |     9
 -122.533888 | 45.780893 |     9
  -122.53332 | 45.780898 |     8
  -122.53281 | 45.780905 |     7
 -122.532283 | 45.780915 |     8
 -122.531717 | 45.780923 |     8
 -122.531205 | 45.780925 |     7
 -122.530772 | 45.780932 |     6
 -122.530483 | 45.780935 |     4
 -122.530177 | 45.780942 |     5
 -122.529727 | 45.780948 |     7
 -122.529325 | 45.780953 |     6
 -122.529138 | 45.781033 |     3
 -122.529133 | 45.781167 |     2
 -122.529175 | 45.781842 |     7
 -122.529165 | 45.782292 |    10
 -122.529022 |  45.78275 |     7
 -122.528837 | 45.783197 |    10
 -122.528657 | 45.783628 |     9
 -122.528437 |  45.78406 |    10
 -122.528135 | 45.784482 |    10
  -122.52776 | 45.784878 |    10
 -122.527322 | 45.785233 |    10
 -122.526912 | 45.785552 |     9
 -122.526782 | 45.785982 |    10
 -122.526772 | 45.786507 |    11
  -122.52677 | 45.787042 |    11
 -122.526763 | 45.787553 |    11
 -122.526752 |  45.78807 |    11
 -122.526738 |  45.78861 |    11
  -122.52673 | 45.789158 |    12
 -122.526723 |  45.78971 |    12
 -122.526715 | 45.790287 |    12
 -122.526712 | 45.790847 |    12
 -122.526705 |  45.79143 |    13
 -122.526702 |  45.79201 |    12
 -122.526695 | 45.792612 |    13
 -122.526688 | 45.793212 |    13
 -122.526677 | 45.793793 |    12
 -122.526672 | 45.794395 |    13
 -122.526665 | 45.794982 |    12
 -122.526658 |  45.79553 |    12
 -122.526665 | 45.796027 |    10
 -122.526675 |  45.79651 |    10
 -122.526685 | 45.797002 |    11
  -122.52669 | 45.797495 |    10
 -122.495565 | 45.830175 |    12
 -122.495568 | 45.830717 |    12
  -122.49557 | 45.831235 |    10
  -122.49556 | 45.831717 |    10
 -122.495472 | 45.832172 |    10
 -122.495365 | 45.832553 |     8
 -122.495158 | 45.832952 |     9
 -122.494723 | 45.833317 |    10
 -122.494397 |  45.83374 |    10
 -122.494297 | 45.834193 |    10
 -122.494288 | 45.834455 |     5
 -122.494285 |  45.83449 |     0
 -122.494212 | 45.834567 |     2
 -122.493938 | 45.834575 |     4
 -122.493352 | 45.834487 |     9
  -122.49264 | 45.834352 |    11
 -122.491885 | 45.834233 |    11
  -122.49113 | 45.834153 |    11
 -122.490373 |   45.8341 |    11
 -122.489645 | 45.834063 |    11
 -122.488917 |  45.83406 |    11
 -122.488247 |  45.83419 |    10
 -122.487603 | 45.834385 |    10
 -122.486983 | 45.834558 |    10
 -122.486297 | 45.834628 |    10
 -122.485547 | 45.834602 |    11
 -122.484672 | 45.834573 |    11
 -122.484093 | 45.834568 |    11
 -122.483263 | 45.834625 |    10
 -122.482752 | 45.834702 |    10
    -122.482 | 45.834823 |    10
 -122.481328 |  45.83492 |    10
 -122.480632 | 45.835032 |    11
 -122.479953 | 45.835163 |    10
 -122.479302 | 45.835268 |    10
 -122.478672 | 45.835313 |    10
 -122.477962 | 45.835312 |    11
 -122.477255 | 45.835305 |    10
 -122.476562 | 45.835303 |    10
 -122.475872 | 45.835307 |    10
 -122.475153 |   45.8353 |    11
 -122.474445 | 45.835287 |    10
 -122.473738 |  45.83528 |    11
 -122.473028 |  45.83533 |    11
  -122.47232 | 45.835415 |    11
 -122.471645 | 45.835497 |    10
 -122.471047 | 45.835595 |     9
  -122.47046 | 45.835807 |    10
 -122.469852 | 45.836062 |    11
  -122.46921 | 45.836287 |    11
 -122.468505 | 45.836443 |    11
 -122.467812 |  45.83659 |    11
 -122.467082 | 45.836683 |    11
 -122.466412 |  45.83673 |    10
 -122.465827 | 45.836885 |     9
 -122.465375 |  45.83719 |     9
 -122.464918 | 45.837528 |    10
 -122.464458 | 45.837863 |    10
 -122.463957 | 45.838165 |    10
  -122.46342 | 45.838472 |    10
 -122.462905 | 45.838752 |    10
 -122.462317 | 45.838967 |    10
 -122.461708 | 45.839178 |    10
 -122.461098 | 45.839397 |    10
 -122.460503 | 45.839602 |    10
 -122.459908 | 45.839812 |    10
 -122.459325 | 45.840007 |     9
 -122.458803 | 45.840187 |     9
 -122.458243 | 45.840355 |     9
 -122.457593 | 45.840498 |    10
 -122.456935 | 45.840577 |    10
 -122.456282 | 45.840622 |    10
 -122.455642 | 45.840653 |     9
 -122.454963 | 45.840665 |    10
  -122.45429 | 45.840667 |    10
 -122.453597 | 45.840665 |    10
 -122.452918 | 45.840657 |    10
 -122.452238 | 45.840628 |    10
  -122.45157 | 45.840608 |    10
 -122.450917 | 45.840658 |    10
 -122.450295 |  45.84073 |     9
 -122.449685 | 45.840783 |     9
 -122.449032 | 45.840782 |    10
 -122.448395 | 45.840757 |     9
  -122.44777 | 45.840745 |     9
 -122.447095 | 45.840737 |    10
 -122.446378 | 45.840685 |    11
 -122.445702 |  45.84056 |    10
 -122.445052 | 45.840445 |    10
 -122.444365 | 45.840417 |    10
 -122.443705 | 45.840462 |    10
 -122.443047 | 45.840563 |    10
 -122.442378 |  45.84066 |    10
 -122.441698 | 45.840753 |    10
 -122.441047 | 45.840857 |    10
 -122.440433 | 45.840975 |     9
 -122.439792 | 45.841137 |    10
 -122.439133 | 45.841285 |     9
 -122.438415 |  45.84138 |    11
 -122.437697 | 45.841433 |    11
  -122.43699 | 45.841317 |    11
 -122.436333 | 45.841103 |    11
  -122.43564 | 45.840948 |    11
 -122.434962 | 45.840875 |    10
 -122.434288 | 45.840798 |    10
 -122.433603 | 45.840683 |    10
 -122.432948 | 45.840455 |    11
 -122.397612 | 45.851207 |    13
  -122.39726 | 45.850663 |    13
 -122.396907 | 45.850123 |    13
  -122.39656 | 45.849592 |    12
 -122.396205 | 45.849052 |    13
 -122.395852 | 45.848513 |    13
 -122.395528 | 45.848008 |    12
 -122.395197 | 45.847498 |    12
 -122.394853 | 45.846972 |    12
 -122.394527 | 45.846465 |    12
 -122.394235 | 45.845988 |    11
 -122.393918 | 45.845672 |     8
 -122.393613 | 45.845575 |     2
 -122.393255 | 45.845375 |     7
 -122.393007 | 45.845012 |     9
 -122.392703 | 45.844552 |    11
  -122.39239 | 45.844082 |    11
 -122.392072 |   45.8436 |    11
  -122.39175 | 45.843118 |    11
 -122.391425 | 45.842628 |    11
  -122.39111 |  45.84215 |    11
 -122.390797 | 45.841678 |    11
  -122.39048 | 45.841203 |    11
 -122.390163 |  45.84072 |    11
  -122.38984 | 45.840228 |    12
   -122.3895 | 45.839733 |    12
 -122.389138 | 45.839252 |    12
 -122.388782 | 45.838792 |    11
 -122.388422 |  45.83835 |    11
 -122.388018 | 45.837932 |    11
 -122.387552 | 45.837572 |    10
 -122.386965 | 45.837283 |    11
 -122.386353 | 45.837018 |    11
 -122.385833 | 45.836703 |    10
  -122.38547 | 45.836302 |    10
 -122.385255 | 45.835853 |    10
 -122.385128 | 45.835403 |    10
 -122.385112 | 45.834927 |    10
 -122.385142 |  45.83447 |    10
 -122.385177 | 45.834018 |     9
 -122.385267 |  45.83359 |     9
 -122.385405 | 45.833147 |    10
 -122.385647 | 45.832735 |     9
 -122.386115 | 45.832408 |    10
 -122.386692 | 45.832222 |     9
  -122.38729 |  45.83209 |     9
 -122.387905 | 45.831967 |     9
 -122.388507 | 45.831843 |     9
 -122.389157 | 45.831812 |    10
 -122.389805 | 45.831917 |    12
 -122.390395 |  45.83212 |     8
 -122.390898 | 45.832372 |    12
  -122.39145 |  45.83259 |     9
  -122.39208 | 45.832723 |     8
 -122.392723 | 45.832837 |    12
 -122.393382 | 45.832952 |    10
  -122.39406 | 45.833073 |    10
 -122.394728 | 45.833188 |    10
 -122.395417 | 45.833263 |    10
  -122.39611 |   45.8332 |    10
 -122.396783 | 45.833085 |    10
 -122.397472 | 45.832967 |    10
 -122.398165 |  45.83285 |    11
 -122.398847 | 45.832732 |     9
 -122.399502 | 45.832622 |    10
 -122.400177 | 45.832538 |    11
 -122.400852 |  45.83256 |     9
 -122.401505 | 45.832638 |    10
  -122.40219 | 45.832717 |    10
 -122.402852 | 45.832788 |    10
 -122.403472 | 45.832855 |     9
  -122.40415 | 45.832922 |    10
 -122.404863 | 45.832998 |    11
 -122.405545 | 45.833117 |    10
 -122.406187 |   45.8333 |    10
 -122.406788 | 45.833537 |    10
 -122.407357 | 45.833767 |    10
 -122.407902 | 45.833982 |     9
  -122.40847 | 45.834208 |    10
 -122.409042 | 45.834428 |    10
 -122.409587 | 45.834643 |     9
  -122.41011 | 45.834852 |     9
 -122.410368 | 45.834957 |     4
  -122.41041 | 45.834978 |     1
 -122.410735 | 45.835108 |     6
 -122.411245 | 45.835305 |     9
 -122.411825 | 45.835537 |    10
 -122.412437 | 45.835768 |    10
 -122.413077 | 45.836005 |    11
 -122.413723 | 45.836243 |    11
 -122.414383 | 45.836487 |    11
 -122.415178 |  45.83678 |    11
 -122.415802 | 45.837008 |    10
 -122.416433 |  45.83727 |    11
 -122.417075 | 45.837627 |    12
 -122.417607 | 45.838043 |    12
 -122.418073 | 45.838448 |    11
 -122.418507 | 45.838832 |    10
 -122.418928 | 45.839202 |    10
 -122.419365 | 45.839583 |    10
  -122.41983 | 45.839957 |    10
 -122.420375 | 45.840293 |    11
 -122.420998 | 45.840563 |    11
 -122.421645 | 45.840763 |    11
 -122.422312 | 45.840953 |    11
 -122.422973 | 45.841093 |    10
 -122.423668 | 45.841013 |    10
 -122.526727 |  45.79784 |    12
 -122.526718 | 45.797298 |    12
  -122.52671 |  45.79675 |    12
 -122.526702 |  45.79623 |    11
 -122.526697 | 45.795717 |    11
 -122.526698 | 45.795182 |    11
 -122.526707 | 45.794648 |    11
 -122.526713 | 45.794093 |    12
 -122.526727 | 45.793502 |    13
 -122.526735 | 45.792898 |    13
 -122.526738 | 45.792283 |    13
 -122.526747 | 45.791678 |    13
 -122.526753 |  45.79109 |    12
 -122.526758 |  45.79052 |    12
 -122.526768 | 45.789935 |    13
 -122.526777 | 45.789347 |    12
 -122.526787 | 45.788763 |    13
 -122.526803 | 45.788202 |    12
 -122.526822 | 45.787663 |    11
  -122.52683 |  45.78716 |    11
 -122.526835 | 45.786658 |    11
 -122.526843 | 45.786173 |    10
 -122.526867 | 45.785745 |     9
 -122.527167 | 45.785377 |     9
  -122.52761 |  45.78505 |    10
 -122.527993 | 45.784702 |     9
 -122.528313 | 45.784328 |     8
  -122.52858 | 45.783917 |    10
 -122.528777 | 45.783497 |     9
 -122.528948 | 45.783087 |     9
 -122.529118 | 45.782678 |     9
 -122.529235 | 45.782283 |     8
  -122.52925 | 45.781893 |     8
 -122.529238 | 45.781517 |     8
 -122.529227 |  45.78118 |     7
 -122.529225 |  45.78106 |     2
 -122.529193 | 45.780983 |     2
 -122.528963 | 45.780928 |     3
   -122.5287 | 45.780947 |     4
 -122.528568 | 45.780885 |     2
 -122.528468 | 45.780553 |     7
 -122.528358 | 45.780133 |     9
 -122.528202 | 45.779713 |     9
 -122.528057 | 45.779292 |     9
 -122.527972 | 45.778865 |     9
 -122.527855 | 45.778448 |     9
 -122.584613 | 45.656147 |     0
 -122.584842 | 45.656072 |     4
  -122.58517 | 45.656013 |     5
 -122.585413 | 45.656087 |     4
 -122.585373 | 45.656215 |     2
 -122.585162 |  45.65625 |     3
  -122.58491 |  45.65627 |     4
  -122.58465 | 45.656305 |     4
 -122.584383 | 45.656345 |     4
 -122.584128 | 45.656357 |     3
 -122.583965 |  45.65622 |     3
  -122.58395 |  45.65613 |     1
  -122.58391 | 45.656053 |     2
 -122.583585 | 45.656055 |     6
  -122.58303 |  45.65615 |     7
 -122.582337 | 45.656257 |    13
 -122.581673 | 45.656397 |     9
 -122.581045 | 45.656585 |    10
 -122.580417 | 45.656775 |    11
  -122.57983 | 45.656967 |     8
 -122.579357 | 45.657283 |    10
 -122.579147 | 45.657702 |     9
 -122.579118 | 45.658078 |     8
 -122.579102 | 45.658187 |     2
  -122.57898 | 45.658272 |     2
 -122.578555 | 45.658225 |     8
 -122.577895 | 45.658167 |    10
 -122.577247 | 45.658135 |    10
 -122.576647 | 45.658067 |     9
 -122.576172 | 45.657852 |     8
 -122.575813 | 45.657623 |     7
 -122.575667 | 45.657528 |     3
 -122.575355 | 45.657515 |     5
  -122.57502 |  45.65784 |     9
 -122.574512 | 45.658298 |    13
 -122.573908 | 45.658787 |    14
 -122.573253 | 45.659267 |    14
 -122.572535 | 45.659738 |    15
 -122.571783 | 45.660178 |    15
 -122.571012 | 45.660583 |    14
 -122.570275 | 45.660948 |    14
  -122.56954 | 45.661285 |    13
 -122.568822 | 45.661608 |    13
  -122.56815 | 45.661948 |    12
 -122.567473 | 45.662282 |    12
 -122.566813 |   45.6626 |    12
 -122.566147 | 45.662912 |    12
 -122.565512 | 45.663208 |    11
 -122.564873 | 45.663482 |    11
 -122.564257 | 45.663722 |    10
 -122.563627 | 45.663968 |    11
 -122.562978 | 45.664223 |    11
  -122.56237 | 45.664462 |    10
 -122.561852 | 45.664677 |     9
 -122.561605 | 45.664785 |     4
   -122.5616 | 45.664788 |     0
   -122.5616 | 45.664788 |     0
   -122.5616 | 45.664788 |     0
 -122.561583 | 45.664797 |     1
 -122.561233 | 45.664948 |     7
 -122.560652 |  45.66518 |    10
 -122.559983 | 45.665405 |    11
 -122.559288 | 45.665602 |    11
  -122.55857 | 45.665767 |    11
 -122.557848 | 45.665927 |    11
 -122.557123 | 45.666105 |    11
 -122.556417 | 45.666282 |    11
 -122.555717 | 45.666458 |    11
 -122.555027 | 45.666647 |    11
 -122.554333 | 45.666828 |    11
 -122.553675 | 45.666995 |    10
 -122.553123 | 45.667133 |     8
 -122.552818 | 45.667208 |     4
 -122.552743 | 45.667225 |     0
 -122.552518 | 45.667342 |     4
 -122.552482 | 45.667672 |     7
  -122.55248 | 45.668227 |    12
 -122.552478 | 45.668928 |    15
  -122.55248 |  45.66957 |    13
  -122.55248 | 45.669808 |     4
  -122.55248 | 45.669808 |     0
  -122.55248 | 45.669808 |     0
  -122.55248 | 45.669808 |     0
 -122.552482 | 45.669848 |     2
 -122.552483 |  45.67019 |     8
 -122.552482 | 45.670747 |    12
 -122.552483 | 45.671433 |    15
 -122.552482 |  45.67218 |    16
 -122.552482 | 45.672932 |    16
  -122.55248 | 45.673687 |    16
  -122.55248 |  45.67442 |    16
 -122.552478 | 45.675135 |    16
 -122.552475 |  45.67589 |    16
 -122.552472 | 45.676627 |    16
  -122.55247 | 45.677243 |    13
 -122.552472 | 45.677758 |    11
   -122.5267 | 45.798003 |    11
 -122.526708 | 45.798538 |    12
 -122.526718 |  45.79909 |    12
 -122.526732 | 45.799682 |    13
 -122.526748 | 45.800305 |    13
 -122.526768 | 45.800887 |    12
 -122.526787 | 45.801445 |    12
 -122.526795 | 45.801995 |    12
   -122.5268 | 45.802543 |    12
 -122.526803 |  45.80307 |    11
 -122.526803 | 45.803612 |    12
 -122.526818 | 45.804168 |    12
 -122.526833 | 45.804712 |    12
  -122.52685 | 45.805233 |    11
 -122.526815 | 45.805728 |     9
 -122.526543 | 45.806223 |    11
 -122.526078 | 45.806608 |    11
 -122.525532 |  45.80691 |    10
 -122.524948 | 45.807213 |    11
 -122.524385 | 45.807517 |    11
 -122.523842 | 45.807853 |    11
 -122.523272 | 45.808228 |    12
 -122.522688 |  45.80861 |    12
 -122.522197 | 45.808987 |    11
 -122.521867 | 45.809447 |    11
  -122.52176 |  45.80996 |    11
 -122.521767 | 45.810467 |    11
 -122.521772 | 45.811002 |    11
  -122.52178 | 45.811538 |    11
 -122.521775 | 45.812112 |    12
 -122.521777 | 45.812702 |    13
 -122.521775 |  45.81329 |    13
  -122.52178 | 45.813855 |    12
 -122.521778 | 45.814425 |    12
  -122.52178 | 45.814988 |    12
 -122.521782 |  45.81555 |    12
 -122.521782 |  45.81612 |    12
 -122.521782 | 45.816663 |    12
 -122.521785 | 45.817157 |    10
 -122.521787 | 45.817642 |    10
 -122.521785 |  45.81808 |     9
 -122.521787 | 45.818545 |    10
 -122.521783 | 45.819045 |    11
  -122.52178 | 45.819542 |    11
 -122.521775 | 45.820043 |    11
 -122.521773 | 45.820585 |    12
 -122.521775 |  45.82116 |    12
  -122.52177 | 45.821712 |    12
 -122.521775 | 45.822185 |    10
 -122.521777 | 45.822652 |    10
 -122.521773 | 45.823132 |    10
 -122.521772 | 45.823637 |    11
 -122.521593 | 45.824135 |    11
 -122.521123 |  45.82446 |    10
 -122.520477 | 45.824558 |    10
 -122.519802 | 45.824547 |    10
 -122.519125 | 45.824548 |    10
 -122.518435 | 45.824548 |    10
 -122.517695 | 45.824548 |    11
  -122.51692 |  45.82455 |    12
 -122.516138 | 45.824555 |    12
  -122.51536 | 45.824558 |    12
 -122.514605 | 45.824572 |    11
 -122.513877 |  45.82456 |    11
 -122.513215 | 45.824405 |    10
 -122.512672 | 45.824105 |    11
 -122.512192 | 45.823758 |    10
 -122.511637 | 45.823512 |    10
 -122.510967 | 45.823457 |    10
  -122.51031 |  45.82355 |    10
 -122.509675 | 45.823663 |    10
 -122.509077 | 45.823773 |     9
 -122.508477 | 45.823802 |     9
 -122.507822 | 45.823672 |    10
 -122.507262 | 45.823398 |    10
  -122.50679 | 45.823095 |     9
  -122.50629 |  45.82295 |     8
 -122.505763 | 45.823107 |     8
 -122.505448 | 45.823458 |     9
 -122.505228 | 45.823857 |     9
 -122.504963 | 45.824195 |     8
 -122.504572 |  45.82443 |     8
  -122.50397 | 45.824527 |     9
  -122.50331 | 45.824532 |    10
 -122.502625 | 45.824533 |    10
 -122.501925 | 45.824533 |    10
 -122.501238 | 45.824535 |    10
 -122.500543 |  45.82454 |    10
 -122.499833 | 45.824543 |    10
 -122.499112 | 45.824547 |    11
 -122.498347 | 45.824548 |    11
 -122.497578 |  45.82455 |    11
 -122.496848 | 45.824552 |    11
 -122.496203 | 45.824552 |    10
 -122.495698 | 45.824555 |     7
   -122.4955 | 45.824622 |     3
 -122.495503 | 45.824807 |     4
 -122.495503 |  45.82521 |     9
 -122.495512 | 45.825673 |    12
 -122.495518 | 45.826113 |     7
 -122.495527 | 45.826523 |     9
 -122.495537 | 45.827038 |    14
  -122.49554 | 45.827563 |    11
 -122.495543 | 45.828078 |    11
 -122.495548 | 45.828577 |    11
 -122.495555 | 45.829097 |    11
 -122.495558 | 45.829628 |    11
 -122.432348 | 45.840148 |    11
   -122.4318 | 45.839823 |    11
 -122.431203 | 45.839542 |    11
 -122.430468 | 45.839428 |    11
  -122.42973 | 45.839518 |    11
 -122.429032 | 45.839663 |    11
 -122.428378 | 45.839805 |    10
 -122.427625 |  45.83996 |    12
 -122.426862 | 45.840138 |    12
  -122.42618 | 45.840318 |    11
 -122.425558 | 45.840502 |    10
 -122.424915 |   45.8407 |    10
  -122.42426 | 45.840883 |    11
 -122.423655 | 45.841027 |     9
 -122.422975 |  45.84109 |    10
 -122.422283 | 45.840953 |    11
 -122.421633 | 45.840745 |    11
 -122.421005 | 45.840533 |    10
 -122.420445 |  45.84029 |    10
 -122.419908 | 45.839973 |    10
 -122.419427 | 45.839588 |    11
 -122.418985 |   45.8392 |    10
 -122.418543 | 45.838812 |    11
 -122.418102 | 45.838422 |    11
 -122.417653 | 45.838025 |    11
  -122.41719 | 45.837648 |    10
 -122.416645 | 45.837312 |    11
  -122.41604 |  45.83705 |    10
   -122.4154 |  45.83682 |    11
 -122.414757 | 45.836597 |    11
 -122.414128 | 45.836365 |    10
 -122.413488 | 45.836137 |    11
 -122.412845 |   45.8359 |    11
 -122.412237 | 45.835673 |    10
 -122.411665 | 45.835457 |    10
 -122.411213 | 45.835275 |     7
 -122.411078 |  45.83522 |     2
 -122.410925 | 45.835162 |     3
 -122.410405 | 45.834963 |     9
 -122.409772 | 45.834707 |    11
 -122.409158 |  45.83446 |    11
 -122.408535 | 45.834215 |    11
 -122.407887 | 45.833958 |    11
 -122.407277 | 45.833712 |    11
  -122.40666 | 45.833462 |    11
 -122.406043 | 45.833223 |    10
 -122.405393 | 45.833058 |    10
 -122.404703 | 45.832962 |    11
 -122.404008 | 45.832897 |    10
 -122.403305 |  45.83284 |    10
 -122.402608 | 45.832775 |    11
 -122.401885 | 45.832695 |    11
 -122.401168 | 45.832608 |    11
  -122.40047 |  45.83255 |    10
  -122.39977 |  45.83259 |    11
 -122.399077 | 45.832708 |    11
 -122.398412 | 45.832833 |    10
 -122.397717 | 45.832953 |    11
 -122.396995 | 45.833077 |    11
 -122.396285 | 45.833195 |    11
 -122.395562 | 45.833285 |    11
 -122.394837 | 45.833237 |    11
 -122.394128 | 45.833102 |    11
 -122.393418 | 45.832967 |    11
 -122.392708 | 45.832833 |    11
 -122.391997 |   45.8327 |    11
 -122.391323 | 45.832553 |    10
 -122.390712 | 45.832298 |    11
 -122.390138 |  45.83203 |    10
 -122.389493 | 45.831863 |    10
 -122.388812 | 45.831818 |    10
   -122.3882 |   45.8319 |     9
 -122.387598 |  45.83203 |     9
 -122.386943 | 45.832163 |    13
 -122.386315 | 45.832327 |     8
 -122.385782 |  45.83259 |    10
 -122.385422 | 45.832972 |    10
 -122.385248 | 45.833425 |    13
 -122.385137 | 45.833893 |    10
 -122.385095 |  45.83438 |     9
 -122.385075 |  45.83487 |    13
 -122.385095 | 45.835382 |    11
 -122.385255 | 45.835888 |    11
  -122.38551 | 45.836378 |    11
  -122.38591 |   45.8368 |    11
 -122.386483 | 45.837092 |    11
  -122.38712 | 45.837363 |    11
 -122.387673 | 45.837687 |    11
 -122.388088 |  45.83804 |    10
 -122.388492 | 45.838478 |    11
 -122.388868 | 45.838948 |    12
 -122.389242 | 45.839432 |    10
 -122.389612 | 45.839937 |    12
 -122.389947 | 45.840438 |    12
 -122.390263 | 45.840922 |    11
 -122.390578 |   45.8414 |    11
 -122.390895 | 45.841882 |    11
 -122.391222 | 45.842373 |    11
 -122.391542 |  45.84286 |    11
 -122.391863 |  45.84334 |    11
 -122.392162 | 45.843795 |    11
 -122.392452 | 45.844232 |    10
  -122.39273 | 45.844658 |    10
 -122.392992 | 45.845063 |     9
 -122.393237 | 45.845412 |     8
 -122.393532 | 45.845588 |     5
 -122.393583 | 45.845602 |     0
  -122.39387 | 45.845695 |     5
  -122.39418 |  45.84597 |     8
 -122.394423 | 45.846362 |     9
 -122.394702 | 45.846795 |    10
 -122.394992 |  45.84724 |    10
 -122.395268 | 45.847667 |    10
  -122.39555 | 45.848098 |    10
 -122.395837 | 45.848542 |    10
 -122.396117 | 45.848973 |    10
 -122.396398 | 45.849407 |    10
 -122.396678 | 45.849832 |    10
 -122.397005 | 45.850333 |    10
 -122.397288 |  45.85077 |    10
 -122.397583 | 45.851228 |    11
 -122.397888 | 45.851697 |    11
 -122.398183 | 45.852143 |    10
 -122.398472 | 45.852585 |    10
 -122.398763 | 45.853037 |    11
 -122.399003 | 45.853408 |    11
  -122.39937 | 45.853973 |    11
 -122.399673 | 45.854435 |    11
 -122.399968 | 45.854893 |    11
 -122.400262 | 45.855345 |    10
  -122.40056 | 45.855792 |    11
  -122.40086 | 45.856253 |    11
 -122.401163 | 45.856713 |    11
 -122.401465 | 45.857175 |    11
 -122.401775 | 45.857648 |    11
 -122.402075 | 45.858108 |    11
 -122.402377 | 45.858572 |    11
 -122.402685 | 45.859045 |    11
 -122.402993 | 45.859518 |    11
 -122.403295 | 45.859982 |    11
 -122.403588 | 45.860435 |    11
 -122.403867 | 45.860872 |    10
 -122.404057 | 45.861158 |     6
 -122.404207 | 45.861395 |     6
 -122.404447 | 45.861768 |     9
 -122.404678 |  45.86213 |     8
 -122.404918 | 45.862498 |     9
  -122.40516 | 45.862867 |     9
 -122.405388 | 45.863225 |     8
 -122.405603 | 45.863552 |     7
 -122.405733 | 45.863753 |     4
  -122.40588 | 45.863978 |     6
 -122.406127 | 45.864353 |     9
 -122.406365 | 45.864715 |     8
 -122.406585 |  45.86506 |     8
 -122.406807 | 45.865403 |     8
 -122.406982 | 45.865668 |     6
 -122.407112 |  45.86587 |     5
 -122.407347 |  45.86623 |     9
  -122.40756 | 45.866562 |     7
 -122.407627 | 45.866667 |     2
  -122.40771 | 45.866773 |     3
 -122.407995 | 45.866837 |     4
 -122.408302 | 45.866833 |     4
 -122.408648 | 45.866815 |     1
 -122.409065 | 45.866817 |     6
 -122.409298 | 45.866805 |     3
 -122.409387 | 45.866713 |     2
 -122.409378 |  45.86657 |     3
 -122.409375 | 45.866293 |     6
 -122.409378 | 45.866017 |     5
 -122.409322 | 45.865897 |     2
 -122.409163 | 45.865872 |     2
  -122.40887 | 45.865893 |     4
 -122.408513 | 45.865897 |     5
  -122.40824 | 45.865902 |     4
  -122.40783 | 45.865898 |     6
 -122.407442 |   45.8659 |     5
 -122.407273 | 45.865902 |     2
 -122.407153 | 45.865878 |     2
 -122.407055 | 45.865728 |     3
 -122.406943 | 45.865532 |     5
 -122.406715 | 45.865182 |     8
  -122.40647 | 45.864802 |     9
 -122.406223 | 45.864422 |     8
 -122.405992 | 45.864072 |     9
 -122.405793 | 45.863765 |     6
 -122.405668 | 45.863572 |     4
 -122.405435 | 45.863212 |     8
 -122.405188 | 45.862838 |     9
  -122.40494 |  45.86246 |     9
   -122.4047 |  45.86209 |     9
 -122.404447 | 45.861702 |     9
 -122.404198 | 45.861318 |     9
 -122.404057 | 45.861102 |     5
 -122.403893 | 45.860852 |     6
  -122.40361 | 45.860417 |    10
 -122.403315 | 45.859953 |    11
 -122.403013 | 45.859493 |    11
 -122.402702 | 45.859017 |    11
  -122.40238 | 45.858525 |    11
  -122.40206 | 45.858033 |    11
 -122.401742 | 45.857545 |    11
  -122.40141 |  45.85704 |    12
 -122.401072 | 45.856528 |    12
 -122.400725 | 45.856003 |    12
  -122.40038 | 45.855465 |    13
 -122.400028 | 45.854927 |    13
 -122.399682 | 45.854395 |    12
 -122.399335 | 45.853868 |    12
 -122.398993 | 45.853335 |    12
 -122.398647 |   45.8528 |    13
 -122.398307 | 45.852275 |    12
 -122.397965 |  45.85175 |    12
 -122.424342 |  45.84084 |    11
 -122.425033 | 45.840642 |    11
 -122.425715 | 45.840447 |    11
 -122.426407 | 45.840255 |    11
 -122.427127 | 45.840077 |    11
 -122.427852 | 45.839928 |    11
 -122.428563 | 45.839778 |    11
 -122.429253 |  45.83963 |    11
 -122.429942 | 45.839495 |    11
 -122.430675 | 45.839463 |    11
  -122.43139 | 45.839637 |    11
 -122.431972 | 45.839958 |    11
 -122.432545 | 45.840292 |    11
 -122.433178 | 45.840588 |    11
 -122.433867 | 45.840765 |    11
 -122.434572 | 45.840873 |    11
  -122.43527 | 45.840935 |    10
  -122.43596 | 45.841013 |    10
 -122.436613 | 45.841172 |    10
 -122.437225 |  45.84136 |    10
 -122.437888 | 45.841438 |    10
 -122.438555 | 45.841382 |    10
 -122.439223 | 45.841278 |    10
 -122.439867 | 45.841137 |    10
 -122.440505 | 45.840975 |    10
 -122.441183 | 45.840843 |    10
 -122.441888 | 45.840735 |    11
 -122.442608 |  45.84064 |    11
 -122.443315 | 45.840538 |    11
 -122.444008 | 45.840448 |    10
 -122.444707 |  45.84044 |    10
 -122.445403 |  45.84051 |    11
 -122.446123 |  45.84066 |    11
 -122.446877 | 45.840775 |    11
  -122.44759 | 45.840787 |    10
 -122.448307 | 45.840788 |    11
  -122.44905 | 45.840807 |    11
 -122.449793 | 45.840792 |    11
  -122.45053 | 45.840718 |    11
 -122.451315 | 45.840637 |    12
 -122.452118 | 45.840633 |    12
 -122.452898 | 45.840667 |    12
 -122.453647 | 45.840677 |    11
 -122.454388 | 45.840677 |    11
  -122.45513 | 45.840673 |    10
 -122.455875 | 45.840652 |    12
  -122.45663 | 45.840607 |    10
 -122.457328 | 45.840538 |    10
 -122.458027 | 45.840413 |    11
  -122.45872 | 45.840223 |    11
 -122.459382 | 45.839997 |    11
 -122.460055 | 45.839772 |    11
   -122.4607 | 45.839548 |    11
 -122.461347 |  45.83932 |    11
    -122.462 | 45.839082 |    11
 -122.462647 | 45.838845 |    11
 -122.463232 | 45.838567 |    10
 -122.463775 |  45.83826 |    10
 -122.464382 | 45.837917 |    12
 -122.464922 | 45.837542 |    11
 -122.465428 | 45.837168 |    11
  -122.46597 | 45.836858 |    10
 -122.466648 | 45.836745 |    10
 -122.467342 | 45.836697 |    10
 -122.468043 | 45.836583 |    11
 -122.468735 | 45.836435 |    11
  -122.46942 | 45.836263 |    11
 -122.470067 |  45.83601 |    11
 -122.470707 |  45.83573 |    11
 -122.471392 | 45.835533 |    11
 -122.472123 | 45.835442 |    11
 -122.472848 |  45.83536 |    11
 -122.473557 |   45.8353 |    11
 -122.474238 | 45.835298 |    10
 -122.474937 | 45.835308 |    10
 -122.475647 |  45.83531 |    11
  -122.47634 | 45.835305 |    10
 -122.477038 | 45.835305 |    10
 -122.477682 | 45.835307 |     9
 -122.478313 | 45.835315 |     9
 -122.479012 | 45.835303 |    10
 -122.479698 |  45.83522 |    10
 -122.480372 | 45.835093 |    10
 -122.481055 | 45.834972 |    11
 -122.481737 |  45.83487 |    10
 -122.482402 | 45.834765 |    10
  -122.48309 | 45.834653 |    11
 -122.483813 | 45.834573 |    11
  -122.48453 | 45.834573 |    11
 -122.485243 | 45.834592 |    10
 -122.485968 | 45.834622 |    11
  -122.48668 | 45.834613 |    11
 -122.487352 |  45.83447 |    10
 -122.488008 | 45.834257 |    11
 -122.488687 | 45.834077 |    11
 -122.489415 |  45.83405 |    11
  -122.49012 | 45.834083 |    10
 -122.490802 | 45.834128 |    10
 -122.491457 | 45.834185 |    10
 -122.492143 | 45.834272 |    10
 -122.492813 | 45.834383 |    10
 -122.493458 | 45.834503 |    10
 -122.494018 | 45.834582 |     8
 -122.494208 | 45.834588 |     2
  -122.49434 | 45.834555 |     2
 -122.494403 |  45.83432 |     5
 -122.494447 | 45.833903 |     9
 -122.494697 | 45.833467 |    10
 -122.495105 | 45.833117 |     9
 -122.495425 | 45.832775 |     9
 -122.495573 |  45.83235 |     9
 -122.495642 | 45.831878 |    10
  -122.49565 | 45.831375 |    11
 -122.495647 | 45.830845 |    11
 -122.495635 |  45.83031 |    11
 -122.495628 |  45.82977 |    12
 -122.495623 | 45.829247 |    11
 -122.495622 | 45.828725 |    11
 -122.495615 | 45.828213 |    11
 -122.495615 | 45.827685 |    11
 -122.495612 | 45.827138 |    12
 -122.495607 | 45.826557 |    12
 -122.495603 | 45.825977 |    12
 -122.495605 | 45.825395 |    12
 -122.495608 | 45.824873 |    11
  -122.49561 | 45.824615 |     4
  -122.49561 |   45.8246 |     0
 -122.495675 | 45.824525 |     2
  -122.49612 | 45.824527 |     7
 -122.496882 | 45.824533 |    11
 -122.497635 | 45.824537 |    11
 -122.498378 | 45.824542 |    11
 -122.499125 | 45.824543 |    11
 -122.499892 | 45.824545 |    11
 -122.500673 | 45.824545 |    12
 -122.501465 | 45.824545 |    12
 -122.502287 | 45.824545 |    12
 -122.503098 | 45.824545 |    15
 -122.503893 | 45.824542 |    12
  -122.50461 | 45.824418 |    11
 -122.505107 | 45.824047 |    11
 -122.505382 | 45.823577 |    11
 -122.505697 | 45.823155 |    10
 -122.506257 | 45.822945 |    10
 -122.506875 | 45.823162 |    10
 -122.507422 |  45.82351 |    10
  -122.50809 | 45.823745 |    11
 -122.508825 |  45.82379 |    12
 -122.509562 |  45.82368 |    10
 -122.510305 | 45.823557 |    11
 -122.511042 | 45.823475 |     7
  -122.51176 |  45.82359 |    11
 -122.512352 | 45.823932 |    12
 -122.512915 | 45.824303 |    12
 -122.513595 | 45.824537 |    11
 -122.514352 |  45.82457 |    11
 -122.515077 | 45.824557 |    11
 -122.515763 | 45.824563 |    10
  -122.51646 |  45.82456 |    10
 -122.517197 | 45.824562 |    11
 -122.517977 | 45.824568 |    12
 -122.518758 | 45.824575 |    12
 -122.519552 | 45.824577 |    12
 -122.520372 | 45.824578 |    12
 -122.521138 | 45.824467 |    12
  -122.52165 | 45.824112 |    11
 -122.521802 | 45.823645 |    10
 -122.521775 | 45.823152 |    11
 -122.521778 |  45.82262 |    11
 -122.521778 | 45.822082 |    12
 -122.521785 | 45.821525 |    12
 -122.521793 | 45.820907 |    13
 -122.521797 | 45.820137 |    14
 -122.521808 |  45.81943 |    13
 -122.521812 |  45.81884 |    13
  -122.52181 | 45.818235 |    13
  -122.52181 |  45.81764 |    13
 -122.521808 | 45.817058 |    12
  -122.52181 |  45.81647 |    13
 -122.521803 |  45.81586 |    13
 -122.521802 | 45.815233 |    13
   -122.5218 | 45.814615 |    13
 -122.521798 | 45.814007 |    13
 -122.521798 | 45.813407 |    13
 -122.521803 | 45.812805 |    13
 -122.521802 | 45.812198 |    13
 -122.521802 | 45.811613 |    12
 -122.521793 | 45.811055 |    12
 -122.521795 | 45.810513 |    12
 -122.521792 | 45.809967 |    12
 -122.521885 | 45.809472 |    11
 -122.522187 |  45.80902 |    11
 -122.522688 |  45.80863 |    11
 -122.523218 | 45.808285 |    11
  -122.52374 | 45.807942 |    11
 -122.524298 | 45.807593 |    11
 -122.524872 | 45.807277 |    11
  -122.52545 | 45.806968 |    11
 -122.526018 |  45.80665 |    11
   -122.5265 | 45.806273 |    11
 -122.526808 | 45.805805 |    11
 -122.526875 | 45.805285 |    11
 -122.526857 |  45.80478 |    11
 -122.526838 | 45.804245 |    11
 -122.526832 | 45.803703 |    12
 -122.526823 | 45.803137 |    12
 -122.526832 | 45.802585 |    12
  -122.52682 | 45.802012 |    12
 -122.526807 | 45.801413 |    13
 -122.526795 | 45.800815 |    13
 -122.526777 |  45.80019 |    14
 -122.526757 | 45.799547 |    14
 -122.526743 | 45.798942 |    13
 -122.526732 | 45.798387 |    12
 -122.552472 | 45.679118 |    16
  -122.55247 |  45.67986 |    16
 -122.552472 | 45.680597 |    16
 -122.552468 | 45.681255 |    14
  -122.55247 | 45.681753 |    10
 -122.552472 |  45.68196 |     3
 -122.552473 | 45.681967 |     0
 -122.552475 |  45.68221 |     5
 -122.552473 |  45.68272 |    11
 -122.552472 | 45.683372 |    14
 -122.552473 |  45.68412 |    16
 -122.552477 | 45.684857 |    16
 -122.552475 | 45.685563 |    15
 -122.552477 | 45.686288 |    16
 -122.552475 | 45.687032 |    16
 -122.552478 | 45.687763 |    16
 -122.552505 | 45.688468 |    15
 -122.552548 | 45.689147 |    15
   -122.5526 |  45.68977 |    13
 -122.552633 | 45.690193 |     9
 -122.552648 | 45.690388 |     4
 -122.552655 |  45.69046 |     1
  -122.55268 |   45.6908 |     7
 -122.552703 |  45.69136 |    12
 -122.552718 |  45.69204 |    15
 -122.552718 | 45.692763 |    16
 -122.552715 | 45.693507 |    16
 -122.552707 | 45.694262 |    16
   -122.5527 | 45.695017 |    16
 -122.552695 |  45.69576 |    16
 -122.552693 | 45.696525 |    17
  -122.55269 | 45.697472 |    17
 -122.552683 |  45.69828 |    17
  -122.55268 | 45.699075 |    17
 -122.552677 | 45.699872 |    17
 -122.552672 | 45.700668 |    17
 -122.552673 |  45.70145 |    17
 -122.552693 | 45.702228 |    17
 -122.552725 | 45.703007 |    17
 -122.552743 | 45.703775 |    16
 -122.552738 | 45.704522 |    16
 -122.552732 | 45.705242 |    15
 -122.552703 | 45.705973 |    16
 -122.552642 | 45.706693 |    16
 -122.552588 | 45.707338 |    14
 -122.552583 | 45.707777 |     9
 -122.552583 | 45.707912 |     2
  -122.55259 | 45.708255 |     8
 -122.552603 |  45.70882 |    12
 -122.552607 | 45.709513 |    15
 -122.552593 | 45.710272 |    16
 -122.552588 | 45.711037 |    17
 -122.552578 | 45.711773 |    16
 -122.552567 | 45.712457 |    15
 -122.552558 | 45.713112 |    14
 -122.552547 | 45.713768 |    14
  -122.55254 | 45.714457 |    15
 -122.552533 | 45.715138 |    15
 -122.552525 | 45.715807 |    14
 -122.552517 | 45.716475 |    14
 -122.552507 | 45.717198 |    16
 -122.552497 |  45.71792 |    16
 -122.552487 | 45.718622 |    15
 -122.552478 | 45.719322 |    15
 -122.552468 | 45.720027 |    15
 -122.552458 | 45.720727 |    15
  -122.55245 | 45.721435 |    15
  -122.55244 |  45.72215 |    15
  -122.55243 | 45.722865 |    15
 -122.552422 | 45.723568 |    15
 -122.552413 | 45.724268 |    15
 -122.552403 |  45.72499 |    16
 -122.552395 | 45.725718 |    16
 -122.552387 | 45.726457 |    16
 -122.552375 | 45.727188 |    16
 -122.552365 |   45.7279 |    15
 -122.552342 |  45.72861 |    15
 -122.552277 | 45.729308 |    15
 -122.552173 | 45.729965 |    14
 -122.552017 | 45.730612 |    14
 -122.551883 | 45.731212 |    13
 -122.551777 |  45.73173 |    11
 -122.551723 | 45.732002 |     5
 -122.551717 | 45.732035 |     0
  -122.55166 |  45.73232 |     7
 -122.551583 | 45.732852 |    12
 -122.551517 | 45.733525 |    15
  -122.55147 |  45.73428 |    16
 -122.551428 | 45.735045 |    17
 -122.551417 | 45.735795 |    16
 -122.551425 | 45.736593 |    17
 -122.551443 | 45.737447 |    18
 -122.551458 | 45.738312 |    19
 -122.551472 | 45.739207 |    19
 -122.551487 | 45.740105 |    19
   -122.5515 | 45.741017 |    20
 -122.551517 | 45.741962 |    21
 -122.551532 |  45.74292 |    21
 -122.551547 | 45.743867 |    20
  -122.55152 | 45.744813 |    21
 -122.551335 | 45.745753 |    21
 -122.551005 |  45.74666 |    25
 -122.550518 | 45.747543 |    17
 -122.549902 | 45.748393 |    23
 -122.549268 | 45.749222 |    20
 -122.548675 | 45.749998 |    19
(1105 rows)

