   x_coordinate    |   y_coordinate   | ons 
-------------------+------------------+-----
        -122.58405 |         45.65635 |  15
 -122.617266666667 | 45.6411683333333 |   5
 -122.672001666667 | 45.6266483333333 |   0
 -122.612153333333 | 45.6424583333333 |   6
       -122.586465 |        45.652885 |   1
 -122.594036666667 | 45.6466316666667 |   0
 -122.642546666667 | 45.6381783333333 |   2
 -122.655186666667 |         45.63517 |   1
 -122.584463333333 | 45.6505616666667 |   0
 -122.651586666667 | 45.6370133333333 |   2
 -122.602308333333 | 45.6446433333333 |   2
       -122.605845 | 45.6440683333333 |   1
        -122.63351 | 45.6375833333333 |   3
 -122.672741666667 |         45.63037 |   9
 -122.621218333333 |        45.640105 |   4
 -122.648493333333 | 45.6381266666667 |   6
 -122.660803333333 |         45.63399 |   0
 -122.672611666667 | 45.6348483333333 |   0
(18 rows)

