  longitude  | latitude  | speed 
-------------+-----------+-------
  -122.68027 | 45.586693 |    12
 -122.681777 | 45.513188 |     0
   -122.6816 | 45.513532 |     8
  -122.68143 | 45.513853 |     7
 -122.681265 | 45.514148 |     6
 -122.681123 | 45.514415 |     6
 -122.680967 | 45.514702 |     6
 -122.680828 | 45.514972 |     6
 -122.680667 | 45.515272 |     7
 -122.680507 |  45.51557 |     7
 -122.680347 | 45.515885 |     7
 -122.680198 |  45.51618 |     6
 -122.680137 | 45.516302 |     2
 -122.680023 | 45.516445 |     4
 -122.679872 |  45.51666 |     5
 -122.679763 | 45.516845 |     4
 -122.679717 |  45.51693 |     0
 -122.679657 |  45.51715 |     5
 -122.679522 | 45.517445 |     6
 -122.679365 | 45.517748 |     7
  -122.67921 |  45.51803 |     6
 -122.679085 |  45.51824 |     4
 -122.678975 | 45.518413 |     4
 -122.678827 | 45.518672 |     6
 -122.678715 | 45.518885 |     4
  -122.67868 | 45.518952 |     1
 -122.678593 | 45.519122 |     4
 -122.678443 | 45.519402 |     6
 -122.678283 | 45.519687 |     6
 -122.678098 | 45.519933 |     6
 -122.677985 |  45.52014 |     4
  -122.67791 | 45.520277 |     0
  -122.67785 | 45.520495 |     5
 -122.677707 | 45.520738 |     5
 -122.677587 | 45.520922 |     4
  -122.67746 |  45.52119 |     6
 -122.677293 | 45.521447 |     6
 -122.677178 | 45.521608 |     3
 -122.677058 | 45.521837 |     5
 -122.676952 |  45.52213 |     6
 -122.676855 | 45.522342 |     4
 -122.677017 | 45.522497 |     4
  -122.67729 |  45.52256 |     3
 -122.677385 | 45.522585 |     1
  -122.67739 | 45.522755 |     3
 -122.677383 | 45.523002 |     6
 -122.677392 | 45.523278 |     6
 -122.677405 | 45.523535 |     5
 -122.677432 | 45.523852 |     7
 -122.677437 | 45.524157 |     6
 -122.677442 | 45.524317 |     3
 -122.677455 | 45.524568 |     6
 -122.677472 | 45.524912 |     7
 -122.677482 |  45.52524 |     7
 -122.677493 | 45.525618 |     8
  -122.67751 | 45.525982 |     7
  -122.67752 |  45.52627 |     6
 -122.677525 |  45.52638 |     2
  -122.67753 | 45.526403 |     0
 -122.677537 | 45.526552 |     3
 -122.677548 |  45.52684 |     6
 -122.677563 | 45.527182 |     7
 -122.677575 |  45.52766 |    11
 -122.677588 | 45.528253 |    13
 -122.659477 | 45.618738 |    26
 -122.657752 | 45.618515 |    27
 -122.655967 |  45.61838 |    27
 -122.654167 |  45.61834 |    27
   -122.6524 | 45.618353 |    27
  -122.65063 | 45.618367 |    27
 -122.648838 | 45.618382 |    27
  -122.64705 | 45.618398 |    27
  -122.64528 | 45.618435 |    27
 -122.643502 | 45.618477 |    27
 -122.641708 | 45.618517 |    27
 -122.639952 | 45.618523 |    27
  -122.63823 | 45.618515 |    26
  -122.63648 | 45.618507 |    27
  -122.63474 | 45.618497 |    27
 -122.632998 |  45.61849 |    26
 -122.631258 | 45.618508 |    27
 -122.629523 | 45.618543 |    26
 -122.627875 | 45.618533 |    25
 -122.626355 | 45.618452 |    23
 -122.624913 | 45.618302 |    22
  -122.62344 |  45.61809 |    23
 -122.621907 | 45.617822 |    24
 -122.620338 | 45.617457 |    25
 -122.618765 | 45.616997 |    23
 -122.617185 |  45.61651 |    29
 -122.615615 |  45.61602 |    24
 -122.614053 | 45.615543 |    26
 -122.612443 |  45.61521 |    26
 -122.610828 | 45.615125 |    25
 -122.609263 | 45.615098 |    24
 -122.607768 | 45.614928 |    23
 -122.606365 | 45.614635 |    22
    -122.605 |   45.6143 |    22
 -122.603613 | 45.613953 |    22
 -122.602158 | 45.613587 |    24
 -122.600615 | 45.613225 |    25
 -122.598955 | 45.612977 |    26
 -122.597218 | 45.612818 |    27
 -122.595462 | 45.612667 |    27
 -122.593718 | 45.612518 |    27
 -122.592017 | 45.612328 |    26
 -122.590342 | 45.612052 |    26
 -122.588705 | 45.611717 |    26
 -122.587053 | 45.611377 |    26
  -122.58539 | 45.611032 |    26
 -122.583747 | 45.610692 |    26
 -122.582073 | 45.610348 |    27
 -122.580385 | 45.609997 |    27
 -122.578675 | 45.609643 |    27
 -122.576922 | 45.609288 |    28
 -122.575217 | 45.608933 |    27
 -122.573497 |  45.60857 |    27
 -122.571757 |   45.6082 |    28
 -122.570012 | 45.607827 |    28
 -122.568303 | 45.607462 |    27
 -122.566612 | 45.607102 |    27
 -122.564932 | 45.606745 |    27
 -122.563262 | 45.606385 |    27
 -122.561587 | 45.606028 |    27
 -122.559912 | 45.605668 |    27
  -122.55822 | 45.605305 |    27
  -122.55656 | 45.604925 |    26
  -122.55492 | 45.604535 |    27
  -122.55325 | 45.604138 |    27
 -122.551198 | 45.603648 |    28
 -122.549832 | 45.603323 |    28
 -122.548127 | 45.602913 |    27
 -122.546402 | 45.602505 |    28
 -122.543052 | 45.601705 |    27
 -122.541395 |  45.60131 |    27
 -122.539772 | 45.600925 |    26
 -122.537838 | 45.600465 |    26
 -122.535927 | 45.600008 |    26
 -122.534663 | 45.599707 |    25
 -122.532732 | 45.599243 |    26
  -122.53107 | 45.598848 |    27
   -122.5294 |  45.59845 |    27
 -122.527705 | 45.598047 |    27
  -122.52602 | 45.597648 |    27
 -122.524342 | 45.597242 |    27
 -122.522692 | 45.596797 |    27
 -122.521042 | 45.596343 |    27
 -122.519378 |  45.59589 |    27
 -122.517695 |  45.59543 |    27
  -122.51603 | 45.594975 |    27
 -122.514377 | 45.594523 |    27
 -122.512747 | 45.594075 |    27
 -122.511182 | 45.593622 |    26
 -122.509698 | 45.593162 |    25
 -122.508358 | 45.592742 |    22
 -122.507168 | 45.592343 |    20
 -122.506172 |  45.59186 |    18
 -122.505323 | 45.591443 |    15
 -122.504572 | 45.591188 |    12
 -122.504012 | 45.591177 |     8
 -122.503792 | 45.591427 |     6
 -122.503885 | 45.591817 |     9
 -122.503863 | 45.592258 |     9
 -122.503857 |   45.5927 |     9
 -122.503857 | 45.593145 |     9
 -122.503872 | 45.593598 |     9
  -122.50392 | 45.593907 |     6
 -122.503917 | 45.593988 |     1
 -122.503915 |    45.594 |     0
 -122.503922 | 45.594187 |     4
 -122.504062 | 45.594308 |     4
  -122.67762 | 45.528885 |    13
  -122.67764 |  45.52943 |    11
 -122.677555 | 45.529838 |     9
 -122.677057 | 45.530183 |    11
 -122.676365 | 45.530542 |    13
 -122.675623 | 45.530968 |    15
 -122.674822 |   45.5314 |    15
 -122.674033 | 45.531837 |    15
 -122.673267 | 45.532265 |    15
 -122.672547 | 45.532685 |    14
 -122.671873 | 45.533083 |    13
 -122.671198 | 45.533432 |    13
 -122.670527 | 45.533807 |    13
 -122.669882 | 45.534182 |    12
 -122.669367 | 45.534388 |     8
 -122.668843 | 45.534417 |     8
 -122.668305 | 45.534413 |     7
 -122.668025 | 45.534408 |     3
 -122.667997 |  45.53441 |     0
 -122.667692 | 45.534408 |     5
 -122.667143 | 45.534408 |     8
 -122.666763 | 45.534417 |     5
 -122.666648 | 45.534502 |     2
 -122.666683 |   45.5347 |     4
 -122.666693 |  45.53486 |     2
 -122.666702 | 45.535025 |     1
 -122.666755 | 45.535437 |     9
  -122.66712 | 45.535965 |    13
  -122.66776 | 45.536623 |    18
 -122.668502 | 45.537387 |    25
 -122.669228 | 45.538143 |    19
 -122.669888 | 45.538872 |    15
 -122.670562 |  45.53963 |    19
 -122.671272 |  45.54042 |    20
  -122.67206 | 45.541227 |    21
 -122.672955 |  45.54201 |    22
 -122.673868 | 45.542768 |    21
 -122.674792 |  45.54353 |    27
  -122.67565 |  45.54424 |    16
 -122.676455 | 45.544905 |    23
 -122.677192 |  45.54552 |    15
 -122.677768 | 45.546065 |    14
 -122.678163 | 45.546592 |    14
 -122.678398 | 45.547053 |     9
 -122.678522 |   45.5474 |     7
 -122.678582 | 45.547647 |     5
 -122.678612 | 45.547847 |     4
 -122.678625 | 45.548003 |     3
 -122.678635 | 45.548177 |     3
  -122.67864 | 45.548363 |     4
  -122.67864 | 45.548585 |     5
 -122.678638 | 45.548863 |     6
 -122.678637 | 45.549195 |     7
 -122.678632 | 45.549492 |     6
 -122.678627 | 45.549868 |     8
  -122.67862 | 45.550347 |    10
 -122.678615 | 45.550795 |    10
 -122.678608 | 45.551397 |    13
 -122.678602 | 45.552113 |    16
 -122.678595 | 45.552867 |    16
 -122.678587 | 45.553562 |    15
  -122.67858 | 45.554163 |    13
 -122.678573 | 45.554727 |    12
 -122.678567 | 45.555285 |    12
  -122.67856 |  45.55589 |    13
 -122.678553 | 45.556472 |    12
 -122.678547 |  45.55714 |    14
  -122.67854 |   45.5578 |    14
 -122.678533 |  45.55842 |    13
 -122.678525 |  45.55911 |    15
 -122.678517 | 45.559853 |    16
 -122.678515 | 45.560635 |    17
 -122.678523 |  45.56133 |    15
 -122.678537 | 45.561967 |    14
 -122.678555 | 45.562578 |    13
 -122.678573 |  45.56308 |    10
  -122.67859 |  45.56356 |    10
 -122.678598 | 45.564068 |    11
 -122.678602 | 45.564583 |    11
 -122.678602 | 45.565242 |    14
 -122.678592 |  45.56604 |    17
 -122.678582 | 45.566868 |    18
 -122.678572 | 45.567678 |    17
 -122.678573 | 45.568547 |    19
 -122.678595 | 45.569407 |    19
 -122.678618 | 45.570208 |    17
 -122.678633 | 45.570925 |    15
 -122.678638 |  45.57164 |    15
 -122.678638 | 45.572377 |    16
  -122.67863 |  45.57312 |    16
 -122.678623 | 45.573858 |    16
 -122.678613 | 45.574612 |    16
 -122.678603 | 45.575368 |    16
 -122.678593 | 45.576115 |    16
 -122.678583 | 45.576852 |    16
 -122.678572 |  45.57764 |    17
 -122.678557 |  45.57845 |    17
 -122.678543 | 45.579295 |    18
 -122.678535 | 45.580172 |    19
 -122.678528 | 45.581007 |    18
 -122.678562 | 45.581843 |    18
 -122.678678 |  45.58268 |    18
 -122.678898 | 45.583525 |    19
 -122.679198 | 45.584328 |    18
 -122.679493 | 45.584993 |    15
  -122.67977 |   45.5856 |    14
 -122.680025 | 45.586155 |    12
 -122.504422 | 45.594258 |     4
 -122.504728 | 45.594132 |     6
 -122.505112 | 45.594215 |     4
 -122.505383 | 45.594355 |     5
 -122.505603 | 45.594488 |     4
 -122.680525 | 45.587258 |    13
 -122.680762 | 45.587783 |    11
 -122.680905 | 45.588097 |     6
 -122.680983 | 45.588272 |     3
 -122.681072 | 45.588473 |     4
  -122.68121 | 45.588777 |     7
  -122.68135 |  45.58909 |     7
 -122.681447 | 45.589302 |     4
 -122.681533 |  45.58949 |     4
 -122.681625 | 45.589692 |     4
  -122.68176 |  45.58999 |     7
  -122.68189 |  45.59028 |     6
 -122.682007 | 45.590532 |     5
 -122.682168 | 45.590892 |     8
 -122.682338 | 45.591273 |     8
 -122.682513 | 45.591655 |     8
 -122.682693 | 45.592057 |     9
 -122.682882 | 45.592478 |     9
 -122.683073 |   45.5929 |     9
 -122.683233 | 45.593252 |     8
 -122.683338 | 45.593483 |     5
 -122.683433 | 45.593693 |     4
 -122.683497 | 45.593833 |     2
   -122.6835 | 45.593842 |     0
   -122.6835 | 45.593842 |     0
 -122.683523 | 45.593895 |     1
  -122.68358 |  45.59402 |     2
 -122.683638 | 45.594152 |     3
  -122.68371 | 45.594308 |     3
 -122.683837 | 45.594592 |     6
 -122.683973 | 45.594915 |     7
 -122.684088 | 45.595208 |     6
   -122.6842 | 45.595522 |     7
 -122.684282 | 45.595807 |     6
 -122.684328 | 45.595988 |     4
 -122.684375 | 45.596223 |     5
 -122.684423 | 45.596575 |     7
 -122.684452 | 45.596973 |     9
  -122.68445 | 45.597435 |    10
 -122.684415 |  45.59786 |     9
 -122.684347 | 45.598297 |     9
 -122.684248 | 45.598753 |    10
 -122.684135 | 45.599195 |     9
  -122.68401 | 45.599628 |     9
 -122.683893 | 45.600032 |     9
 -122.683788 | 45.600378 |     7
 -122.683682 |  45.60075 |     8
 -122.683578 | 45.601107 |     7
 -122.683482 | 45.601437 |     7
 -122.683353 | 45.601863 |     9
 -122.683243 | 45.602243 |     8
 -122.683158 | 45.602538 |     6
 -122.683052 |   45.6029 |     8
 -122.682945 | 45.603267 |     8
   -122.6829 | 45.603418 |     2
  -122.68286 | 45.603555 |     3
 -122.682743 | 45.603955 |     9
 -122.682583 | 45.604492 |    12
 -122.682442 | 45.604962 |    10
  -122.68233 | 45.605308 |     7
 -122.682205 | 45.605682 |     8
 -122.682002 | 45.606197 |    12
 -122.681758 | 45.606752 |    12
  -122.68147 |  45.60733 |    13
 -122.681145 | 45.607917 |    13
 -122.680862 | 45.608393 |    11
 -122.680663 | 45.608722 |     7
 -122.680518 | 45.608955 |     5
 -122.680373 | 45.609155 |     5
 -122.680227 | 45.609367 |     5
 -122.680083 | 45.609602 |     5
 -122.679928 | 45.609865 |     6
 -122.679758 | 45.610155 |     7
 -122.679607 |  45.61042 |     6
 -122.679467 | 45.610667 |     5
  -122.67931 | 45.610952 |     7
 -122.679108 | 45.611313 |     8
 -122.678868 | 45.611728 |    10
 -122.678595 | 45.612193 |    11
 -122.678265 | 45.612745 |    13
 -122.677915 | 45.613322 |    13
  -122.67758 | 45.613877 |    13
 -122.677245 | 45.614428 |    13
 -122.676895 | 45.614967 |    12
 -122.676593 | 45.615455 |    11
   -122.6763 |  45.61595 |    11
 -122.676008 | 45.616455 |    11
 -122.675743 |  45.61691 |    11
 -122.675452 | 45.617415 |    12
 -122.675163 | 45.617912 |    12
 -122.674792 |  45.61851 |    14
 -122.674377 | 45.619187 |    16
 -122.673948 | 45.619903 |    17
 -122.673532 | 45.620603 |    16
 -122.673125 | 45.621285 |    16
 -122.672638 | 45.621923 |    15
 -122.671955 | 45.622472 |    16
 -122.670997 |  45.62266 |    15
 -122.670048 | 45.622333 |    16
 -122.669117 | 45.621822 |    18
 -122.668085 | 45.621268 |    20
  -122.66695 | 45.620682 |    22
 -122.665642 |  45.62014 |    23
 -122.664217 | 45.619688 |    24
 -122.662715 |  45.61934 |    24
 -122.661127 | 45.619035 |    25
(389 rows)

